2.187686
0.4509146
0.5676319
0.7402193
0.7834832
0.7549211
0.6570776
0.8641379
1.330371
1.502412
1.084577
1.172429
1.559451
0.8079902
1.42176
1.620271
1.528336
0.8161394
4.016004
1.346296
2.646281
1.527845
0.6629474
0.6388005
0.5792455
1.097168
0.7184322
0.770734
1.362529
0.8052453
0.7423113
1.482603
1.143388
2.996791
0.5457994
1.062255
1.098164
0.8510652
1.177828
0.6210387
2.806046
0.6471814
1.692978
0.9123398
1.109046
0.8759322
1.541613
0.7132983
0.8179046
7.228952
0.6514116
1.12544
0.9060411
2.070859
0.8803835
1.02502
0.7268704
0.6572912
2.505621
1.599759
0.6556419
0.9442148
0.6095266
2.436444
1.530171
0.6068728
2.230986
1.466466
1.866802
0.7100858
0.7927292
1.837191
1.10143
0.8468563
1.097223
0.8026083
1.247911
1.340153
1.224703
1.50238
1.650978
1.542463
1.432666
1.234065
0.6325579
1.635484
0.9477428
0.4882479
1.052983
0.6135451
0.8375399
0.9981043
0.72532
0.7002485
1.09618
0.8152632
0.5406501
1.407576
1.004837
2.555691
1.157296
0.895833
1.691885
1.656231
1.195659
1.381929
1.049789
1.053347
0.8237694
0.6944941
0.5680803
1.678455
0.6793502
0.8016225
1.099767
1.483523
0.7297092
0.7990071
1.285092
1.210291
0.894177
0.6492526
0.7087439
0.7598374
1.291777
0.7869678
0.64504
3.751778
1.681812
1.769699
1.298346
1.268703
4.483707
0.818252
0.8267068
1.315996
1.118253
1.175949
0.8487117
1.58989
1.26537
1.277362
0.6830189
1.166326
1.335416
1.233121
2.120351
1.868144
0.7879772
0.7857991
2.052337
1.105929
1.109309
1.705999
1.775949
0.9110927
0.8125076
0.7253514
0.8965116
0.8986324
0.9848585
1.331158
2.147008
1.515013
0.8479633
1.030912
0.677625
0.655638
0.9700782
1.510002
0.9275866
1.168838
0.9555538
4.680316
0.9229628
0.6165978
0.9140545
0.9741086
0.5378221
0.8407381
0.6557988
1.918219
0.8741916
0.7805718
0.9532675
0.6333849
1.488637
1.355023
1.762613
1.040229
1.695623
1.390291
0.7045027
0.5901642
0.7633008
0.8918511
1.164613
0.85177
2.565754
2.375732
1.175904
1.3118
1.238538
1.217471
1.106286
1.763233
2.581686
1.112912
1.295966
2.362299
1.103231
1.423315
1.964334
1.16839
1.133398
1.209336
0.6170069
0.7837696
3.449559
0.6955153
2.416699
1.062144
0.6287161
0.5665113
1.047849
1.356813
1.475544
1.663562
0.6429716
1.036345
0.8577423
1.025157
0.8426704
0.9311606
0.4014788
0.9591841
1.291542
1.03135
1.054828
1.185887
0.6271438
2.140608
1.161046
0.7202568
1.112242
0.8887181
0.8457391
0.7183054
0.8986061
0.8876882
2.19788
1.15578
1.13132
1.054739
0.7690359
1.011871
1.634528
1.036528
0.5063188
0.6216882
0.8776897
1.464235
1.885915
1.105957
0.7328645
2.33268
1.901793
2.363434
1.741842
0.7438466
0.681662
0.9740019
1.638873
1.369608
0.9558813
0.9991105
2.124699
0.5814252
2.090011
1.075482
2.226756
0.9072257
1.383584
2.093652
0.4834159
0.7186076
1.321052
0.9462895
1.853145
1.523311
0.5818886
0.9563419
0.7273825
1.165645
1.029063
0.7721822
1.778641
1.793589
1.58191
0.7112376
0.6321881
1.160966
1.461817
1.947431
0.5849307
0.9238601
0.5684576
0.8256159
0.9251348
0.7491736
0.9531928
1.237818
1.083447
0.8054723
4.761411
1.230088
0.7212079
0.7868034
0.7765402
0.8288102
2.09883
0.9808289
0.9478236
0.8834894
1.654375
1.350237
3.072638
1.163565
0.7556724
0.8616526
1.13959
1.800312
1.755931
0.9076879
1.209987
0.738517
1.229705
1.452505
1.949748
1.280412
0.8154397
0.7608027
1.481811
1.070248
0.5170205
1.083958
1.392747
1.167036
0.9767973
0.8171569
1.121476
0.9029999
1.702264
1.724012
2.356525
1.015294
1.227985
1.536798
0.4594122
0.891157
0.5117517
2.455833
0.8387779
0.845313
1.209094
2.601957
1.309609
1.560083
0.7615576
1.04418
0.707702
2.108487
0.6481125
0.916585
1.469195
0.9904992
1.403562
1.267047
1.321998
0.7441704
1.169474
0.8631974
0.8052534
0.6368128
1.152679
0.4785242
1.840957
1.483862
0.6734845
2.798975
4.821373
1.128405
1.757222
1.5494
1.120806
1.234968
1.386221
1.644947
1.258195
0.6171877
1.206472
1.311462
1.91368
1.572584
0.7352859
1.276455
1.128166
0.9666072
1.053582
1.610944
3.083383
1.541033
0.9329918
1.137527
1.920959
0.9102007
2.681555
0.6537105
0.6344344
1.250165
0.7498785
1.435421
0.5673133
1.422664
1.011079
0.5724555
0.8170161
1.430154
1.128824
1.999908
0.6921553
0.6604118
2.862848
1.396213
0.6539882
0.6212006
0.7708294
0.6411129
1.592944
1.61278
0.8224992
1.00048
1.39107
3.161391
0.7978413
0.6783709
1.291966
1.178938
0.5770781
0.9365206
0.6989963
0.6944237
0.9257746
1.092795
0.625235
1.297848
1.863677
1.255012
0.4701307
1.818921
0.6182793
0.7766534
1.177921
1.088382
1.045907
0.735443
0.8616915
0.7481827
1.100064
1.786192
1.291426
1.058226
0.578802
0.8374351
0.6825402
0.464892
0.9501167
0.9951698
0.7972123
0.608606
1.142954
0.6974337
0.473198
0.7808459
1.029373
0.5400275
1.216626
2.016054
0.8584105
0.8899938
1.408996
2.59133
0.8815782
1.178672
1.413857
0.9258185
1.150981
1.511209
0.5663756
0.9353446
1.790504
1.83696
0.8690787
1.27837
1.110645
0.813663
0.9560669
2.518694
1.068496
0.5552558
1.575105
1.254215
0.8362414
0.8641739
0.974342
1.866147
1.824482
1.222376
3.550434
1.709834
1.980654
2.056769
1.120969
1.144608
1.336553
1.673055
1.328833
1.307416
0.8917337
3.135433
0.9141125
1.988189
0.9379598
0.8323661
1.203641
0.7225787
1.180887
0.958737
2.054532
0.554728
0.7797622
1.106043
1.017151
0.4773794
0.7662681
0.9085295
0.3935032
0.9414659
1.025597
1.393697
0.8712866
1.44786
1.672039
2.117916
0.8306062
0.9270032
2.56925
0.7640307
2.004253
0.9370772
0.7738881
0.5114278
0.9203968
1.173595
1.352659
1.869774
0.9589193
1.174453
3.873394
2.55761
0.9600372
2.884855
0.4721856
1.396226
1.699006
0.5319882
0.4843349
1.030761
1.210627
0.5060856
1.070076
0.612732
0.8140635
1.186538
0.9187177
0.7284357
1.71969
0.9765718
1.660206
1.988116
1.69441
0.865906
0.9638659
1.861981
2.883696
1.388467
0.648866
0.8400595
3.094884
2.008912
2.055088
2.118824
1.300716
1.72065
1.414538
0.7402724
0.9255154
1.752547
0.826292
1.80348
3.541662
1.291441
0.9380433
0.6603679
1.106507
1.03368
0.7323215
1.311401
1.056638
1.073353
1.659016
1.807908
0.6048504
1.116035
0.8178871
1.160653
1.263086
1.622792
2.300191
1.374453
0.658415
0.6314669
2.03003
0.8858491
0.9551613
0.5276241
1.697378
1.039931
1.070747
0.5718985
1.220264
1.75931
2.164899
2.138642
2.391878
0.7230868
0.7069246
1.648733
0.5820087
3.434395
0.9826867
0.5598369
0.5722249
1.401013
1.885278
0.7156713
1.751468
0.5320783
0.7251644
0.5712792
