0.3816226
0.5890981
0.6888797
0.7407006
0.8290343
0.6768402
0.6957773
0.6684893
0.6963576
0.7815446
0.6977976
0.6960309
0.6829512
0.72676
0.6665477
0.7249579
0.7096103
0.754323
0.8011162
0.7636719
0.7703221
0.7108381
0.732007
0.7182668
0.8118914
0.7259446
0.7832294
0.7467758
0.7623123
0.7405754
0.7388403
0.7046078
0.7004442
0.6655149
0.6740153
0.6666599
0.6596558
0.7328022
0.7310136
0.7569438
0.7147614
0.6852491
0.7126318
0.7588885
0.7816562
0.8262256
0.7579222
0.7742879
0.7087984
0.7665808
0.7116553
0.6570463
0.7263746
0.7722891
0.7386161
0.7940627
0.7825818
0.7756118
0.8341414
0.8100318
0.801659
0.6852058
0.6658006
0.7007754
0.7881566
0.7575282
0.7466048
0.7251487
0.7767604
0.7875702
0.7034707
0.7390207
0.7905938
0.8749959
0.825487
0.703783
0.6715943
0.7070326
0.7613385
0.7556236
0.7353499
0.7837814
0.7411572
0.7113505
0.7156168
0.7070804
0.7779623
0.7644126
0.6919232
0.7128945
0.7636741
0.7516144
0.727566
0.7656383
0.8025215
0.7815883
0.6938997
0.7273454
0.7441429
0.7860377
0.7554112
0.7570872
0.7940722
0.7450407
0.7509008
0.6744853
0.7100636
0.7863212
0.7384177
0.7935384
0.7525073
0.6910376
0.7287528
0.6341777
0.6885407
0.7177028
0.7146527
0.7056495
0.7093285
0.6895242
0.6884177
0.7181929
0.7341725
0.7595022
0.7215953
0.7141195
0.7502909
0.8032858
0.8449288
0.7218949
0.7340573
0.7409942
0.7121799
0.7799022
0.7938244
0.7079689
0.7968387
0.7432514
0.7711186
0.678433
0.6979317
0.6799606
0.6490421
0.7195172
0.6643202
0.7059623
0.7303902
0.7110605
0.815248
0.7938363
0.7226862
0.6952972
0.7370875
0.7824293
0.7134426
0.7301614
0.7456677
0.718801
0.6522685
0.6936361
0.7087562
0.696053
0.7098203
0.6760518
0.6387781
0.6761125
0.7024828
0.7085117
0.7623581
0.6185486
0.6395065
0.7026771
0.7393753
0.8133453
0.690897
0.6688227
0.7490729
0.6325843
0.6553413
0.7280562
0.647756
0.6901996
0.7153125
0.6553518
0.706783
0.7361452
0.7809463
0.7823047
0.8056362
0.7831348
0.6957731
0.7094989
0.7232205
0.6665548
0.7461437
0.7558174
0.6990192
0.7400308
0.7934918
0.6635954
0.6833479
0.6837097
0.7195315
0.77907
0.7731507
0.7193424
0.7555398
0.7516987
0.7513712
0.7076061
0.7341638
0.6975788
0.7911925
0.7732937
0.7292574
0.70115
0.6445625
0.7060745
0.7269389
0.7705778
0.7121301
0.6899779
0.7974161
0.7173711
0.849219
0.7444308
0.7474486
0.8351057
0.7722029
0.6838224
0.6043103
0.6461358
0.7023768
0.7171458
0.7643178
0.7093167
0.7330545
0.703051
0.737157
0.7249614
0.7120428
0.7547393
0.7532336
0.6617914
0.7036161
0.7538418
0.807567
0.752577
0.6974348
0.6846199
0.6792086
0.7094129
0.662413
0.6528025
0.7196612
0.6804638
0.7352186
0.8009093
0.6390742
0.6970402
0.6550248
0.6465475
0.7373671
0.753922
0.7221376
0.7389713
0.7544647
0.7231809
0.7415437
0.734404
0.8079961
0.7653954
0.7842416
0.7141931
0.7522309
0.7266437
0.7556815
0.7647477
0.7605919
0.7383924
0.654023
0.7039986
0.7747466
0.7887419
0.6777045
0.7328877
0.7472776
0.7259354
0.6703082
0.7161423
0.7119616
0.7424016
0.7784205
0.6716163
0.6900623
0.6450524
0.6021147
0.7134018
0.7770824
0.6799237
0.6659587
0.7028295
0.7111593
0.7000709
0.6795149
0.688687
0.7536579
0.7377721
0.7085992
0.7596154
0.7194
0.6633776
0.7086853
0.6964056
0.7255073
0.7168369
0.7894205
0.7428955
0.6427763
0.6990771
0.744985
0.7101558
0.7798854
0.8168791
0.7327354
0.7515114
0.7717038
0.7211264
0.6748552
0.664267
0.7174186
0.7256635
0.7207829
0.669679
0.721736
0.8024106
0.782366
0.7435026
0.7524795
0.7760898
0.65057
0.6686812
0.6280252
0.6562235
0.7289311
0.6703902
0.75021
0.7794238
0.7446983
0.8108705
0.7475808
0.720269
0.7912556
0.681944
0.6966325
0.6967045
0.7465421
0.7107644
0.7606557
0.6901251
0.7145325
0.665294
0.7644989
0.6972086
0.8025827
0.8633858
0.7590518
0.8253581
0.7533498
0.7632111
0.7572784
0.7170131
0.7249425
0.6617155
0.7765334
0.7498813
0.7079146
0.7173687
0.7145749
0.6683128
0.7617281
0.7592195
0.7082913
0.7595132
0.7193981
0.7222666
0.6862604
0.7072946
0.7679103
0.7505169
0.7300574
0.6897745
0.6828636
0.8151268
0.7621824
0.7564509
0.7862246
0.8025186
0.803207
0.6489426
0.6766809
0.7368865
0.7408531
0.720931
0.6892655
0.6993007
0.5904484
0.662097
0.6943249
0.683977
0.6808507
0.7165114
0.7429838
0.7837883
0.7798521
0.7102981
0.7134248
0.7188284
0.6761899
0.7033671
0.7423401
0.7281928
0.6918736
0.7485064
0.7075311
0.7374597
0.7327082
0.8286246
0.755154
0.7867132
0.814976
0.7526298
0.702712
0.6889886
0.6387315
0.6741447
0.7123307
0.742331
0.7352567
0.803933
0.7741359
0.7213023
0.6796107
0.7390704
0.6898338
0.7510756
0.6757956
0.7058203
0.6766908
0.6675047
0.6673092
0.7339694
0.7680013
0.774906
0.7696593
0.6937049
0.76432
0.7402915
0.7307316
0.6327858
0.6920696
0.6591421
0.7441637
0.7294543
0.7863341
0.7073232
0.6574767
0.691115
0.7309328
0.7594976
0.7514246
0.7282449
0.6859989
0.7741161
0.7668726
0.6039852
0.6666564
0.7674411
0.6592126
0.7298421
0.6847407
0.6827206
0.7304784
0.7270043
0.7393698
0.6959899
0.7327635
0.7243621
0.7109537
0.7376464
0.6882913
0.6818637
0.7314498
0.7417475
0.7773216
0.7819038
0.6824759
0.7094639
0.7526028
0.7630507
0.7628733
0.7182632
0.6491032
0.800018
0.772823
0.7197567
0.7068714
0.7989841
0.7912618
0.7965039
0.701793
0.6717526
0.7980219
0.7340355
0.696323
0.684069
0.7005928
0.7000546
0.7533709
0.7602406
0.711971
0.7125677
0.7963282
0.7964669
0.7944841
0.778563
0.7610461
0.7124738
0.8112531
0.825508
0.6973689
0.801925
0.6879358
0.6274533
0.7077684
0.6729017
0.6882925
0.7119234
0.6527097
0.7453999
0.726158
0.7609086
0.7749403
0.6113374
0.6623527
0.7194601
0.72776
0.7478442
0.7131365
0.6873129
0.6718703
0.6957186
0.7742468
0.7323252
0.7569438
0.8015064
0.7648655
0.7507064
0.6799948
0.7313987
0.7180973
0.7906517
0.7704126
0.7383317
0.7749852
0.7093173
0.7239335
0.6838556
0.7448841
0.7485097
0.8022962
0.7660407
0.6827485
0.7745621
0.7815023
0.7205334
0.7885848
0.7459987
0.7805227
0.7460305
0.6756527
0.638208
0.7562416
0.6856357
0.7493254
0.6912938
0.767286
0.7251097
0.6725287
0.7491705
0.7527979
0.7224469
0.7148618
0.7071604
0.7389629
0.6707013
0.7069046
0.7010547
0.7166797
0.7030742
0.7156932
0.7149838
0.6744581
0.68954
0.6946206
0.7645187
0.6976717
0.6902918
0.7809783
0.7401724
0.7249933
0.7309955
0.7340877
0.7860475
0.6926748
0.6933797
0.7200312
0.7765516
0.6778259
0.710131
0.7360968
0.7221798
0.761371
0.7422166
0.796263
0.769594
0.6883502
0.7161034
0.6968338
0.7324473
0.720366
0.5965703
0.6601532
0.7015335
0.7084385
0.7201062
0.7728745
0.8008093
0.7127876
0.6968571
0.7237017
0.6442153
0.6670714
0.6702927
0.7524914
0.7507536
0.7056989
0.7113431
0.8310318
0.7565757
0.6252776
0.7113303
0.775553
0.7852331
0.7553294
0.7300296
0.7884291
0.6675834
0.6588439
0.6942871
