0.7666259
0.7383832
0.7142646
0.7106039
0.7339206
0.6899202
0.7345419
0.7642246
0.6845906
0.7608268
0.7225147
0.7546451
0.7045835
0.7373232
0.7403169
0.7411694
0.7201029
0.7441939
0.7104176
0.7129239
0.7038823
0.7484659
0.756161
0.7419658
0.74403
0.7074394
0.7262479
0.7226289
0.7470616
0.7590429
0.7821349
0.7753824
0.7781752
0.7572236
0.7410166
0.7021409
0.7233861
0.754325
0.7490362
0.765051
0.7210254
0.6852512
0.7064101
0.7386864
0.734952
0.7327615
0.7856813
0.7645355
0.7214861
0.744311
0.7397161
0.7844177
0.7405125
0.7658093
0.6875105
0.7023163
0.8046697
0.7567358
0.7016188
0.7260682
0.7458302
0.7344536
0.7599496
0.7799148
0.7618526
0.7386717
0.7355875
0.6954083
0.7106682
0.7949248
0.666686
0.7314011
0.7241746
0.7031683
0.7146945
0.7509371
0.7240618
0.7360731
0.7616806
0.775899
0.7284139
0.7184648
0.7317729
0.7622201
0.7084635
0.7396623
0.6997691
0.7267148
0.7384134
0.6973132
0.7359874
0.723927
0.7053606
0.7719636
0.7587387
0.7261276
0.728466
0.7322135
0.7353513
0.7707325
0.7073894
0.7037731
0.7431525
0.8120535
0.7743503
0.7569815
0.7407438
0.6931905
0.7845447
0.7044261
0.7214117
0.7300803
0.6997496
0.7451583
0.7442057
0.7666556
0.7270964
0.7007146
0.752897
0.7546512
0.7492667
0.7312699
0.7250184
0.7170753
0.7665678
0.7509113
0.7230247
0.7436685
0.715788
0.7375154
0.7243596
0.7716533
0.7366033
0.7378227
0.7330534
0.700556
0.747123
0.7200447
0.7370179
0.7243648
0.7176663
0.7347577
0.769972
0.726814
0.7001565
0.7720042
0.7247101
0.7288129
0.7374917
0.7738083
0.7377709
0.7262975
0.7276627
0.7295726
0.7176815
0.7485632
0.7501624
0.7189213
0.8153786
0.7515453
0.7607957
0.763983
0.7311598
0.7067944
0.7271068
0.7490799
0.7165725
0.7366137
0.7818655
0.754469
0.7363215
0.7371088
0.7232053
0.7238134
0.7660288
0.7036474
0.7395139
0.748673
0.7307041
0.8078275
0.7680169
0.7337166
0.7307645
0.7709248
0.7821221
0.724008
0.7514659
0.760458
0.7640318
0.7070029
0.7129231
0.7416358
0.7240517
0.7168972
0.7646008
0.7551334
0.7574073
0.758438
0.789483
0.7177592
0.678513
0.7330248
0.7157154
0.7344514
0.7595564
0.7189662
0.7563402
0.7431637
0.732952
0.7466467
0.7313644
0.7215808
0.7366762
0.7359227
0.8128706
0.7319753
0.7589304
0.7300471
0.7647216
0.7401686
0.7291771
0.7565642
0.7409135
0.7080101
0.6912902
0.7502629
0.7544909
0.7375331
0.6828671
0.7317116
0.6972653
0.7590154
0.7317486
0.782002
0.715099
0.7141306
0.7212686
0.7129963
0.7676073
0.7525457
0.7151511
0.762449
0.7471787
0.7390879
0.6820962
0.7198407
0.69517
0.7075173
0.7087085
0.6814653
0.7604634
0.7089768
0.7022926
0.7438193
0.737125
0.739997
0.7080976
0.724324
0.7719795
0.7845131
0.7625521
0.7628884
0.7534802
0.7082783
0.7068386
0.7609281
0.7542565
0.7336904
0.7659444
0.771453
0.7555248
0.6666314
0.7438051
0.7216204
0.727716
0.7841484
0.7423132
0.6917613
0.7214257
0.726913
0.7442359
0.7270912
0.7408551
0.7499729
0.7483077
0.7520504
0.7503387
0.7368257
0.7165545
0.7537514
0.7926466
0.7357887
0.7411511
0.7387909
0.760499
0.710051
0.7090402
0.7110108
0.723465
0.722422
0.7503242
0.7439535
0.7053696
0.7714364
0.7596778
0.7140749
0.7045024
0.7301347
0.7208946
0.721577
0.6954751
0.7685343
0.7343605
0.7497376
0.7314342
0.74903
0.6983671
0.7414717
0.7982334
0.7365613
0.7392928
0.6793449
0.7289816
0.7517102
0.7311141
0.7240003
0.726044
0.7082827
0.760723
0.7204208
0.7358207
0.7613154
0.7531402
0.7425053
0.7346247
0.6953471
0.7276624
0.7417885
0.7352575
0.7101398
0.7010881
0.7643153
0.7108286
0.7583124
0.7377326
0.7181725
0.7038937
0.7020768
0.730712
0.7488273
0.7045165
0.7410012
0.7512269
0.7379565
0.7461462
0.7401289
0.7509874
0.7238019
0.7364894
0.7187315
0.7307338
0.7472337
0.741159
0.7108285
0.7284462
0.7451908
0.7742917
0.7290002
0.7609717
0.8040088
0.7458804
0.7798243
0.7407037
0.8305603
0.7368971
0.7261509
0.754395
0.728792
0.721097
0.7583318
0.7268218
0.7303318
0.788881
0.7405704
0.7388837
0.7103672
0.7574819
0.7326739
0.7391471
0.7342662
0.7287921
0.7068915
0.7392503
0.7343994
0.744382
0.771539
0.7774088
0.7547584
0.7095334
0.7120717
0.7064225
0.6973887
0.7285313
0.7639911
0.713686
0.7397932
0.7247442
0.7349031
0.7489583
0.7679389
0.7598619
0.7324749
0.7404466
0.7482713
0.7557816
0.767766
0.7274845
0.7207085
0.7533237
0.7372976
0.7394646
0.75405
0.733401
0.6892912
0.7287958
0.7484472
0.7315579
0.7402151
0.7413108
0.7644741
0.7322285
0.6969738
0.7307543
0.7302727
0.7408999
0.7818387
0.7233868
0.7177894
0.7062603
0.7229284
0.7594384
0.6655192
0.7661925
0.7432301
0.7371276
0.8013918
0.7016464
0.7279208
0.7108953
0.7327138
0.6990231
0.7756388
0.7137456
0.7512034
0.6900793
0.7474587
0.7568381
0.7677001
0.7160993
0.717897
0.7758659
0.7427469
0.7959035
0.7386661
0.7084562
0.7426398
0.7113247
0.6555263
0.7435264
0.7548334
0.7870025
0.7432457
0.739566
0.7402803
0.7515211
0.762198
0.7632455
0.7495678
0.7683995
0.7834712
0.7291094
0.7505669
0.7473593
0.7380628
0.7917516
0.7556557
0.7261725
0.7847027
0.7045433
0.7645825
0.7229205
0.7366049
0.7719319
0.7223148
0.7411433
0.7466768
0.7535035
0.7559927
0.771711
0.7271179
0.7704944
0.7518687
0.7502712
0.7423776
0.6836039
0.7447904
0.7263348
0.7389395
0.7437114
0.8114024
0.7491082
0.7410965
0.732644
0.7532678
0.7106362
0.6809217
0.7420686
0.712693
0.7274231
0.702771
0.7698808
0.716881
0.7000683
0.7571048
0.7209126
0.7611377
0.7539883
0.7138128
0.7186145
0.7573375
0.7220825
0.745957
0.7506378
0.7290521
0.706205
0.7947254
0.7998532
0.7603383
0.7257122
0.7101272
0.7007454
0.7228069
0.7403326
0.7713628
0.7183782
0.727581
0.6991975
0.73711
0.7520053
0.73876
0.7085435
0.7366632
0.7609328
0.7342268
0.7617074
0.7220796
0.7364088
0.7258346
0.7716234
0.7482568
0.7189516
0.7188618
0.6928357
0.7261201
0.818301
0.7471738
0.7413354
0.7274225
0.7472932
0.7647343
0.7223817
0.7591546
0.7268314
0.7533007
0.7433375
0.6986615
0.7473088
0.7647021
0.7101329
0.7576519
0.7430216
0.7299208
0.7321568
0.7335397
0.7269407
0.734926
0.7340577
0.7035331
0.7384789
0.7311247
0.728143
0.7385817
0.7721683
0.7592849
0.7303324
0.8003354
0.7634525
0.7350846
0.7689333
0.7160919
0.7693264
0.7036233
0.7603738
0.7075895
0.7422634
0.7471397
0.7388282
0.7205985
0.768266
0.7342543
0.7264297
0.7252481
0.7402323
0.7736808
0.7269647
0.7263251
0.7312718
0.7319382
0.7393782
0.6901831
0.7166029
0.712006
0.7554527
0.7514305
0.7333227
0.7435287
0.7457655
0.7143254
0.7198327
0.753616
0.6980509
0.7329326
0.7658175
0.6818929
0.7359152
0.7424953
0.7033428
0.7167249
0.7427743
0.7122894
0.7346656
0.7041527
0.7575459
0.7546591
0.7322218
0.7482697
0.7627115
0.7467851
0.731755
0.7193751
0.7466961
0.7648662
0.7026797
0.7229691
0.7723901
0.6985141
0.7473889
0.7439073
0.762719
0.7376845
