0.2994317
0.7908949
0.6569851
0.3669161
1.346771
0.4855045
1.015319
0.793311
1.191947
1.409364
0.9777579
1.120551
1.665915
0.8632803
0.7420191
0.6854087
1.289507
2.904667
1.37359
0.9549436
1.076025
0.7343491
0.9912095
1.383006
0.5871883
0.9053851
1.071179
2.642819
0.5711949
0.5512345
0.60122
0.9807538
0.5394857
0.7450921
2.338152
1.097764
0.6398791
1.026698
0.7168651
1.078113
1.427244
0.7103428
0.7698622
0.5477326
0.5378307
0.4530678
1.035525
1.557815
0.9383295
0.8785342
1.113674
0.6851849
1.904851
0.6986655
0.4362043
0.8053916
1.101312
0.574772
0.8719619
0.6590853
0.9280478
2.604225
0.8023519
0.4339563
0.7834693
0.4383901
1.277687
0.7373266
1.529868
0.8075605
0.6193509
0.7779069
0.8572232
0.3762719
0.9568943
0.5620634
1.474088
0.816693
0.7833403
2.012371
0.6126013
1.118776
0.8666967
1.146461
0.6789065
0.9469012
0.9354051
1.090283
1.047285
0.5427093
2.044696
0.5094201
0.7183627
1.136577
0.8871305
0.4467181
1.588955
0.6829201
1.063959
0.8776048
1.540442
2.562346
1.46703
1.991886
1.091945
0.7283306
0.8670441
0.6898938
0.6180281
1.774402
2.348072
1.172646
0.5531439
0.8102406
0.7601348
1.034705
0.5952546
1.245429
1.32685
0.9772947
0.9940909
0.4247932
0.4792688
1.223412
0.6755414
1.278344
0.9784942
0.5090294
0.3545462
0.5742171
0.7495224
1.291536
0.5451223
0.8040128
0.6917717
0.9523971
1.234137
0.8899965
0.8683337
1.153218
1.218965
0.8321595
0.9359808
0.8360481
0.5481305
0.9453323
0.9166523
0.8080093
0.6861831
0.7867401
1.723046
1.028268
1.564225
0.9065004
0.8082917
0.9653943
0.5992528
1.167239
0.7093588
0.8192101
0.5908414
1.021966
1.237033
1.043463
1.051289
0.7059802
0.7027885
0.9047447
0.5461234
0.7997601
0.4935952
0.8949642
3.061493
0.8867341
0.7492845
1.075897
0.5667117
1.48402
0.8887951
0.9245148
1.311198
0.6121342
1.311571
0.6958725
0.9643552
0.794397
0.7851733
1.428882
0.7974417
0.7506445
1.201155
2.248612
0.7660985
1.395902
0.989705
1.861357
0.5337608
1.339618
2.045326
2.173768
0.9200678
0.8496762
0.5517494
0.7587281
1.177288
1.128427
0.4280204
1.070223
0.5127651
0.8880473
0.8312923
0.7997323
0.8100729
0.6023911
1.038673
0.7385398
0.8854473
1.297754
2.604842
0.7619968
0.7430643
0.9867376
1.385482
0.4252694
1.10964
0.7973594
0.8423329
1.565017
0.8856999
0.7822891
0.56395
1.194
0.6709997
1.783567
0.5382464
0.6975393
1.131118
1.029454
1.707501
0.5919138
0.6278114
0.9765986
0.7927187
0.7354758
1.432606
1.175764
1.005775
0.8427605
1.945335
1.299612
0.8840841
1.39288
0.3751897
0.9859296
1.22229
0.5441597
0.5843048
1.056254
2.621565
0.7625853
0.7985123
0.6429306
1.769813
0.6055868
0.5758144
0.5221818
0.654068
0.5624296
0.8112318
1.096627
0.5607188
1.504008
0.9018604
0.5669741
0.8176046
1.880176
0.7584528
0.7021639
1.084923
1.190267
0.9341467
0.6518424
0.6939207
0.4725636
0.6321314
0.3099966
2.632832
0.7055369
0.9039297
0.674218
0.275339
0.4764251
0.7720018
1.256289
1.071701
0.6884858
0.5648631
0.4687836
2.065832
0.5128175
1.464201
1.463797
1.08433
0.6045053
0.6027438
1.439011
1.481789
0.5427113
1.419823
0.6655797
1.27307
3.258638
0.9263248
1.384008
0.7371655
1.759806
1.149614
0.6815449
0.7010328
0.6155876
1.325252
1.082844
2.271043
1.417663
0.8920411
0.3745923
0.6809953
0.3864524
0.2864503
1.45406
0.777
0.7369288
2.621095
0.9110524
1.034266
0.6989397
0.4712433
2.141732
1.596403
0.5679665
0.9228402
0.814118
2.260574
0.6409139
0.8795987
0.4412833
0.4562089
0.6002798
0.5678304
0.3797029
0.5142164
1.421027
0.9885555
0.3382308
1.012542
0.4022815
0.6504044
1.049947
0.9868331
0.9137559
0.7013927
1.439151
1.208878
0.4194376
0.9238522
0.8819815
1.286678
0.6929816
0.8556981
0.8665556
1.295249
1.002785
1.540612
1.134765
1.188662
0.8809702
0.877041
1.12134
1.451668
1.159462
0.7747466
2.009471
0.4480125
2.964509
0.738428
0.6862712
1.028584
1.187153
0.7880007
0.6904351
1.106257
0.7429792
0.6920238
0.5349489
1.050236
1.066627
1.231212
2.28426
0.672676
0.6477033
1.513888
0.7865748
2.344594
0.8820068
0.5516646
0.6917859
0.7938012
1.364025
1.655459
0.5722703
0.8194797
0.9804457
0.2720617
0.8537801
0.7544407
0.6430676
0.9204195
1.023063
1.582857
0.9426382
0.8399465
0.7267724
0.9615607
0.5345025
0.9279322
0.9898996
0.6279762
1.067763
0.4897242
0.5583559
0.8043849
0.888035
0.8130805
0.8433395
1.50146
0.8999527
1.503264
0.6650178
0.5025585
0.7387554
0.9640213
0.831011
0.6335268
1.300614
0.7375278
0.4084499
0.8794854
0.5526471
0.9020061
0.3791054
1.503967
0.4122167
0.5813235
0.6093511
0.5469246
1.75614
1.248657
0.8729994
1.959285
0.6759422
0.9407371
0.8166046
0.6628219
0.5394477
0.8477042
0.463311
1.213644
1.008712
0.4424046
0.6655594
0.785546
1.094509
0.8241118
1.467766
1.045885
1.387637
1.622009
0.7558465
1.444558
0.4713112
0.6036261
1.45579
0.6490881
0.4485892
1.214541
1.944191
1.426492
0.9029837
1.252852
0.634973
1.372966
1.215449
0.659795
0.790707
0.8295521
0.5972652
0.7638198
0.6260764
2.852065
0.9154452
0.6248612
1.018344
0.4785289
0.6867721
0.4781583
0.8282878
0.3226756
0.5980552
2.119661
1.068603
1.325789
0.9235261
1.326325
1.608252
0.5486764
0.9493043
0.9622837
1.316984
0.6724646
1.705334
0.9905687
1.468713
1.564678
1.104276
1.464727
0.921705
1.082777
1.147804
0.9682945
1.821755
0.8164063
0.8234938
1.121405
0.6656499
1.605148
0.7640099
1.291251
0.7334947
0.7036282
0.4723617
0.8948713
2.523763
1.351196
1.67805
1.016561
3.588626
0.5921417
0.7037218
1.518646
0.8091763
0.6898549
1.479354
0.8850573
0.9472456
1.428282
1.302443
0.8466683
0.949845
0.4379503
0.4959871
1.210316
1.084984
0.7489091
0.8439648
1.003572
0.8573016
0.6916177
0.6666742
1.04218
0.9226936
0.6970677
0.5097231
0.9202736
1.401569
1.057414
0.5180477
1.466065
1.014702
1.164934
0.8527316
0.4629981
1.305543
0.6939227
1.066611
0.908277
1.084486
1.445604
0.8325159
0.8801579
0.5196283
0.5471181
0.6851347
0.3909077
0.6077472
1.017078
0.5903948
0.5781358
0.570094
0.5323222
0.9518917
0.6955126
0.6460393
0.7730689
0.9942935
0.5974788
1.458252
0.3838495
0.4802895
0.4186849
0.8995234
0.5695484
0.664964
0.6314445
1.091015
1.134208
1.257318
0.9542044
1.174438
0.907124
1.061421
0.638711
0.9748554
0.8278351
1.068212
1.014407
0.4635436
0.6539991
1.347192
1.878397
0.5276394
1.621802
0.4715379
1.050205
1.205672
1.243119
0.5348954
0.46164
2.012882
0.4724624
0.3427654
1.254082
0.4822858
0.6318716
1.332589
0.5871651
0.9401502
0.6790316
0.6756569
0.5884639
0.9856237
1.511452
0.5666394
1.299138
0.5311624
0.7991893
2.347104
1.320088
0.6051503
1.099738
0.690674
