0.5337728
0.5276289
0.4189244
0.438796
0.4366793
0.4715772
0.4940607
0.4621963
0.5518775
0.5429437
0.4563668
0.4749636
0.4601732
0.4906118
0.4685896
0.4893694
0.4726564
0.4781618
0.416357
0.4978157
0.4743161
0.3658675
0.4363673
0.4950035
0.4658027
0.4313892
0.4625285
0.4974538
0.434387
0.4824264
0.4919936
0.3780009
0.4478581
0.442178
0.4257126
0.480441
0.4316307
0.4267235
0.4504793
0.5198584
0.4322234
0.429286
0.4981765
0.4769407
0.4860509
0.4364162
0.3994759
0.5336405
0.4860805
0.4459854
0.4993117
0.433008
0.4181631
0.4547418
0.4606407
0.4592684
0.4947201
0.4442217
0.5168097
0.4792938
0.5004507
0.4504041
0.4344943
0.4748681
0.504208
0.4026168
0.4568382
0.3622437
0.453031
0.4223495
0.3924219
0.4997887
0.4697279
0.4520672
0.5058196
0.5180443
0.4363442
0.4356532
0.4503287
0.420605
0.4599713
0.4950105
0.4748654
0.3885323
0.3783528
0.4862439
0.4454978
0.4307712
0.4507044
0.4574109
0.5015629
0.4741569
0.4271608
0.4112223
0.454616
0.4419605
0.4741115
0.4135404
0.3932946
0.4388813
0.5394378
0.4736311
0.4030462
0.4550763
0.4288537
0.4652237
0.4529675
0.5198752
0.5239105
0.3700579
0.4424997
0.447561
0.4985395
0.3922755
0.4932939
0.4456353
0.4677747
0.4552989
0.3910795
0.3888805
0.5130957
0.4626111
0.4477045
0.5273168
0.5538309
0.4307642
0.5370062
0.4781092
0.3941364
0.4108682
0.5167142
0.4627454
0.4520359
0.4841668
0.411956
0.4495352
0.540536
0.4720387
0.4810151
0.4537665
0.5341282
0.4280373
0.4113525
0.4487003
0.3986614
0.4526316
0.4583237
0.4266755
0.4759909
0.4223178
0.4286212
0.4778836
0.442336
0.51831
0.498596
0.5434814
0.4604193
0.4439616
0.5355366
0.4677096
0.4704039
0.4596951
0.4567165
0.4192346
0.4488683
0.4527615
0.4256909
0.4687603
0.4569394
0.4123942
0.4338503
0.4351458
0.4420799
0.4428364
0.5188962
0.5128712
0.4491471
0.4225516
0.3843972
0.5255565
0.478831
0.3986207
0.4688035
0.4361804
0.4187996
0.4632997
0.4532532
0.4406221
0.4035826
0.5198279
0.4597903
0.550067
0.4549868
0.4647562
0.4773588
0.4862345
0.4169803
0.5808241
0.4715107
0.4040221
0.4461503
0.4247249
0.4857164
0.4736964
0.4052204
0.3838137
0.4717974
0.4700429
0.481839
0.4147144
0.4679487
0.4341075
0.4612286
0.485373
0.4913587
0.4384941
0.4420489
0.4676346
0.4327368
0.4838357
0.4175503
0.4437186
0.6004237
0.4138895
0.4764177
0.4698598
0.421457
0.4404397
0.4471376
0.4335204
0.4332793
0.4938932
0.4862872
0.3897445
0.529006
0.4143424
0.5487525
0.4296393
0.4250063
0.4791306
0.5237959
0.4114234
0.4216485
0.494534
0.4886256
0.4852221
0.4619519
0.5052991
0.4847009
0.4947976
0.4928547
0.4191767
0.4421428
0.5933821
0.5049335
0.5043214
0.4078015
0.486971
0.4747146
0.4563127
0.5011234
0.4066748
0.4345006
0.4743814
0.4663351
0.458951
0.4941214
0.4281963
0.4029836
0.4744415
0.5431739
0.4591359
0.5053798
0.4597737
0.4634153
0.5031929
0.429785
0.4107731
0.5350712
0.4431891
0.5173393
0.4961919
0.4745822
0.4901843
0.4494348
0.4732332
0.3421305
0.4227024
0.3874245
0.4357304
0.4358333
0.4168793
0.3981251
0.4436462
0.4326372
0.466254
0.4046045
0.4960093
0.4675255
0.5661368
0.4654512
0.4230752
0.4126997
0.3899736
0.4484237
0.5331428
0.4629029
0.3805863
0.4817543
0.4444026
0.5326236
0.5024773
0.4941314
0.4501693
0.4118055
0.4631557
0.4554246
0.5325252
0.3903645
0.4123827
0.4017504
0.4340803
0.501692
0.4086136
0.4129539
0.3938758
0.5040342
0.4970514
0.4735942
0.4605716
0.3581855
0.4519599
0.4449814
0.4008667
0.4529442
0.5278951
0.4638911
0.4279132
0.5292594
0.4771891
0.4099495
0.3849758
0.5367769
0.4545388
0.5640277
0.4545136
0.443865
0.4780044
0.4630698
0.5290628
0.36685
0.49387
0.479832
0.4252755
0.5445353
0.46479
0.4386072
0.4433832
0.467951
0.3905493
0.4713857
0.4254814
0.5093288
0.4117493
0.4058048
0.4988824
0.4955204
0.4314421
0.4703058
0.3624852
0.4386177
0.4490812
0.3899865
0.4825987
0.3614194
0.4891034
0.4596391
0.4126408
0.3979992
0.4745036
0.5189169
0.4401103
0.4544919
0.464626
0.5144194
0.4837165
0.4026025
0.4381745
0.4548074
0.5487068
0.3897935
0.4406178
0.4253592
0.441835
0.4699626
0.4265577
0.46329
0.5114428
0.4508503
0.4269883
0.4750407
0.4398339
0.4832251
0.4286891
0.4803779
0.3711946
0.4242302
0.4577285
0.4613642
0.4849327
0.5509454
0.4315972
0.3812758
0.50845
0.4014499
0.4316625
0.437325
0.4568921
0.5465182
0.4309648
0.4280818
0.4974393
0.5128257
0.5687494
0.4064172
0.5283886
0.4916189
0.4455608
0.4523901
0.3651028
0.4960866
0.4593696
0.4224476
0.4192565
0.4444725
0.4009861
0.509499
0.4149742
0.4250265
0.4569993
0.4255222
0.4612725
0.4732946
0.4893751
0.4715892
0.4324596
0.5198237
0.4918869
0.4299193
0.3646472
0.4891817
0.4155924
0.4441909
0.6197017
0.4640419
0.5283869
0.4574691
0.3817822
0.4605993
0.5169217
0.4563357
0.4831094
0.3589606
0.5603763
0.4847236
0.4142655
0.4111177
0.4106984
0.3873212
0.4841721
0.4279947
0.3844653
0.3819142
0.3837017
0.4934671
0.4412639
0.4935277
0.4962848
0.4796517
0.489693
0.5019597
0.4051725
0.3511714
0.3986615
0.511502
0.4376743
0.4856327
0.4794271
0.3862541
0.4472922
0.4261244
0.4616519
0.4318368
0.4976609
0.4276053
0.414509
0.3973969
0.4519267
0.421213
0.4411602
0.4592613
0.422591
0.4097488
0.3866374
0.4329248
0.4437482
0.4423626
0.4151824
0.5677185
0.5207442
0.414121
0.4110413
0.5320332
0.4388766
0.4408378
0.4362312
0.3639403
0.4378494
0.4592603
0.3715166
0.4278741
0.4319698
0.4841865
0.504481
0.4651108
0.4196308
0.4569734
0.451315
0.4535924
0.50332
0.4536243
0.418364
0.3850856
0.4491875
0.4141312
0.4535233
0.4445613
0.4016297
0.4663188
0.4627539
0.5687335
0.379201
0.4015013
0.5065686
0.4224826
0.478897
0.4435035
0.4631853
0.4549696
0.4458023
0.4972128
0.4990764
0.428133
0.341367
0.4573148
0.4991974
0.4198352
0.5335929
0.4444392
0.4685532
0.5088515
0.48102
0.4763235
0.4142394
0.5037392
0.3897651
0.4296313
0.4179997
0.4158238
0.4304542
0.468567
0.4938122
0.4567944
0.4219547
0.4877115
0.4159205
0.5164183
0.4376087
0.4157002
0.5134172
0.4298115
0.4387233
0.4257549
0.4918708
0.5183899
0.3957355
0.4332684
0.460167
0.444906
0.4583202
0.5011765
0.4046331
0.5112058
0.4444806
0.5194949
0.3831241
0.4828445
0.4094178
0.4743974
0.4256206
0.5041785
0.4075203
0.3653796
0.4335795
0.4706633
0.4622431
0.5446316
0.4782557
0.4438115
0.4577723
0.4311884
0.4978648
0.5010982
0.441743
0.526445
0.5148618
0.3745398
0.414561
0.4343215
0.35591
0.410965
0.4488262
0.4791113
0.4383949
0.4880883
0.4073766
0.4692064
0.4416304
0.5202873
0.3941395
0.3727149
0.4968939
0.499742
0.4383641
0.5140274
0.4143374
0.3785733
0.3590044
0.4439989
0.4746183
0.4902798
0.4232723
0.4985786
0.4269241
0.4146326
0.4787909
0.4230158
0.4620064
0.4843325
0.51088
0.4442166
0.5263521
0.4662617
0.3596
0.4127389
0.3918671
0.4839584
0.5071581
0.5915621
0.4334455
