0.1584845
0.2488666
0.361753
0.4192772
0.5192386
0.5918283
0.6520104
0.6699647
0.7104378
0.6946195
0.701307
0.7361583
0.7329307
0.6908097
0.7102452
0.8057478
0.811137
0.722285
0.702931
0.7540593
0.7606274
0.7628118
0.7591698
0.6966906
0.7624416
0.7927891
0.8009203
0.7576845
0.7451688
0.6980745
0.6639101
0.638488
0.6021835
0.7039718
0.72115
0.731
0.6304042
0.7233227
0.7569556
0.7584578
0.7534787
0.7358717
0.6962559
0.6929244
0.7206211
0.7539372
0.7345095
0.7272136
0.750376
0.7403528
0.7062285
0.7537706
0.6941236
0.7912029
0.7717604
0.7834409
0.8157862
0.8132164
0.8237042
0.7917426
0.73392
0.7400476
0.693182
0.7345928
0.6928205
0.734462
0.6868564
0.6043329
0.591719
0.6282645
0.6586707
0.7109561
0.7538716
0.7124244
0.7681374
0.7255511
0.7646845
0.7499673
0.7841909
0.7357885
0.7556118
0.7231305
0.680703
0.6601616
0.5778181
0.6088966
0.6055873
0.6582695
0.6242952
0.6353525
0.6466519
0.6511435
0.693202
0.7278261
0.7109169
0.7207451
0.7292629
0.7144598
0.7844017
0.7791504
0.7979579
0.7780735
0.7921771
0.7956212
0.7745817
0.7403643
0.7928447
0.8186456
0.7950178
0.751088
0.8251975
0.8124252
0.8056418
0.7914865
0.819564
0.8906524
0.8396309
0.8713379
0.852168
0.8703398
0.802102
0.7754593
0.7487416
0.789449
0.7420639
0.7685109
0.7508979
0.7485082
0.7451764
0.7036539
0.8058736
0.7646305
0.733819
0.7161755
0.6406554
0.6282791
0.6690225
0.6779444
0.6935086
0.7228627
0.7601782
0.7442514
0.7117112
0.7433502
0.7157621
0.6784159
0.7292433
0.7475139
0.7586549
0.7415559
0.7837524
0.7870357
0.758171
0.7288946
0.7242762
0.7042521
0.7227624
0.7127525
0.7776635
0.7956704
0.8276205
0.8198647
0.7295228
0.7449699
0.7080894
0.7429197
0.7382637
0.7651091
0.7475496
0.7339419
0.7510402
0.7487398
0.8127085
0.8110297
0.7504933
0.7274586
0.661444
0.6942999
0.6779566
0.6551815
0.6940893
0.6589312
0.6917181
0.6625954
0.6564885
0.7115181
0.6057687
0.5984051
0.6326863
0.6907813
0.6870027
0.7413797
0.7059058
0.7153142
0.6481258
0.7312194
0.7831196
0.7887825
0.7634949
0.7405821
0.7445863
0.7602113
0.7853363
0.7775733
0.7481137
0.7687435
0.7727799
0.7024639
0.7010025
0.7448087
0.7252647
0.6899877
0.6944398
0.5955511
0.6491104
0.6855912
0.6406303
0.6597291
0.6561922
0.6325101
0.7060049
0.7017752
0.6695318
0.6622916
0.6533051
0.6293786
0.6438101
0.6723655
0.7003673
0.7046576
0.7314799
0.7366229
0.7455604
0.7827995
0.8329556
0.7781741
0.7403516
0.7332141
0.794976
0.853745
0.8231738
0.7385655
0.7554104
0.7962483
0.8024152
0.7904325
0.7658188
0.7742029
0.7793184
0.8382554
0.7634992
0.7641291
0.7708802
0.7769203
0.7493199
0.7429957
0.8032324
0.7999439
0.8501382
0.8291817
0.7827929
0.7621782
0.8494001
0.8527931
0.7744822
0.7237937
0.740525
0.7095063
0.7238328
0.8001712
0.8140559
0.839351
0.8518646
0.8814462
0.8847632
0.8246544
0.7118386
0.7461552
0.8158577
0.8439891
0.769672
0.7328194
0.7576726
0.7351495
0.6949102
0.6484892
0.7006387
0.7333159
0.6672173
0.704659
0.672698
0.6366757
0.6566179
0.6464185
0.631119
0.6226187
0.6409636
0.6696432
0.6745355
0.7405174
0.7327857
0.7214655
0.7302369
0.7348878
0.7352014
0.7995216
0.7886474
0.7964858
0.7747711
0.7177009
0.7103848
0.6796848
0.6981909
0.7428082
0.8042929
0.8300263
0.808392
0.7970591
0.7551993
0.7223576
0.7240809
0.7399576
0.7523109
0.7235985
0.7295082
0.7440639
0.6921556
0.6603447
0.635297
0.6841394
0.7244264
0.6718618
0.7126817
0.6955699
0.71281
0.7186574
0.724837
0.7092598
0.7181996
0.7490752
0.6833581
0.6740163
0.6108379
0.5796107
0.6213615
0.5949048
0.6152669
0.6481553
0.6841425
0.6926206
0.6934029
0.6945502
0.7311585
0.6976383
0.7214518
0.7415036
0.7101404
0.7534099
0.737608
0.7866176
0.8050285
0.7342422
0.6774673
0.7236958
0.7804863
0.7844232
0.7551845
0.7907024
0.8140356
0.7564531
0.725087
0.7404787
0.7455573
0.7952887
0.7684678
0.7495373
0.69221
0.6740748
0.7077199
0.7689132
0.7797692
0.7115426
0.6926792
0.6796781
0.697087
0.7286824
0.714326
0.725431
0.7194095
0.7821722
0.7784335
0.7894542
0.7377389
0.7536258
0.7669389
0.7847613
0.742724
0.768249
0.7177856
0.7171659
0.7045567
0.6867304
0.7016334
0.7390446
0.6721029
0.7473399
0.7826238
0.7731178
0.8123344
0.8519783
0.8148684
0.8046877
0.7439578
0.7472711
0.7293053
0.7187702
0.721355
0.7893149
0.7534293
0.7209297
0.7125661
0.7256749
0.7150055
0.7517985
0.718303
0.669226
0.7013881
0.7203336
0.6785076
0.7496289
0.725088
0.7560577
0.7824377
0.8016647
0.8006115
0.8280838
0.8165967
0.7412013
0.7125663
0.7427086
0.7531968
0.7393818
0.6798435
0.680882
0.7243574
0.713479
0.6872496
0.6952437
0.6947795
0.7289777
0.7057836
0.7012593
0.6708562
0.7051825
0.6925388
0.7205509
0.7324395
0.7055201
0.7091861
0.7111553
0.7720518
0.75247
0.6997483
0.675882
0.6691463
0.711359
0.7085172
0.7781364
0.7689986
0.8038842
0.734664
0.68446
0.7416084
0.7288595
0.7435517
0.7047605
0.6911075
0.7326788
0.6857133
0.6775046
0.6362154
0.642821
0.6522475
0.722163
0.7570562
0.6611758
0.6542388
0.6515226
0.6576745
0.6510951
0.6400552
0.574314
0.6412043
0.7087018
0.6779981
0.6400418
0.6243801
0.6271666
0.6459244
0.6645562
0.6786743
0.7375239
0.6760349
0.5831337
0.5673286
0.6136773
0.6637609
0.6353392
0.6587133
0.676451
0.7111085
0.7299712
0.7449579
0.7270817
0.8288001
0.8051654
0.7466166
0.7115198
0.7518531
0.7067515
0.7190932
0.7912247
0.8148706
0.7787323
0.7486449
0.7526569
0.7769103
0.7238484
0.8265274
0.8643564
0.8065675
0.765935
0.7735532
0.7499384
0.7821859
0.8441447
0.8849561
0.8166028
0.7970145
0.7088318
0.6302483
0.6959996
0.732649
0.6773286
0.7180713
0.7083998
0.6654632
0.7061624
0.6530934
0.6243867
0.6326115
0.6346974
0.6381476
0.6608752
0.6537902
0.7111425
0.7130551
0.6601577
0.6547373
0.666259
0.6569706
0.6650233
0.6013231
0.6146058
0.667545
0.7091176
0.7382663
0.7017323
0.7857244
0.7544457
0.7250409
0.6749144
0.7286171
0.7150442
0.7622977
0.732402
0.6919726
0.6819972
0.7008956
0.78777
0.8183878
0.8322279
0.777225
0.7707641
0.7795734
0.7488143
0.7215931
0.6668639
0.6814576
0.7064287
0.7017047
0.7366995
0.6605326
0.659488
0.6885848
0.7403456
0.7432368
0.726224
0.6730058
0.6513429
0.6581001
0.7159024
0.7182905
0.7447296
0.6495455
0.6933785
0.6884112
0.68542
0.7293645
0.7522326
0.6839336
0.6831219
0.6837826
0.732006
0.6918637
0.7058005
0.6386131
0.6482713
0.6222959
0.6948095
0.6881207
0.790619
0.7784978
0.7733115
0.8065397
0.8516684
0.7605446
0.8020682
0.8007786
0.7863369
0.7356087
0.7118762
0.6606557
0.6391585
0.6690821
0.6760441
0.6458953
0.6837105
0.7638225
0.736865
0.7844731
0.7574648
0.7712972
0.7850555
0.7200158
0.7352798
0.6405856
0.666629
0.696178
0.7723491
0.8142409
0.7340321
0.7449263
0.7290511
0.7523434
0.7053929
0.8196294
0.7328867
0.7707165
0.7361575
