0.3244685
0.3150359
0.2983778
0.3055189
0.3050558
0.2953131
0.2976249
0.3137976
0.2959406
0.299531
0.3305225
0.3035937
0.3123554
0.2856426
0.2869169
0.3159028
0.2963202
0.3071537
0.2971098
0.3016118
0.3129448
0.297857
0.2859856
0.3131202
0.3015067
0.2962143
0.3113126
0.2942027
0.2963687
0.3016304
0.3096776
0.3074094
0.3164569
0.2959883
0.3303926
0.3009376
0.3117794
0.3095516
0.3157994
0.3104845
0.2953435
0.2991916
0.2850487
0.3003594
0.3064268
0.3061871
0.3082441
0.2928171
0.3169914
0.2889547
0.2950287
0.2937492
0.3129726
0.3105536
0.3021374
0.3100253
0.2913351
0.2863205
0.2958471
0.306739
0.2939466
0.2911757
0.28621
0.3138029
0.3292152
0.3111223
0.3247413
0.306488
0.3299018
0.3414223
0.3091457
0.2944241
0.3040564
0.2930805
0.3072775
0.3081312
0.2889046
0.3189423
0.28704
0.299393
0.3047652
0.3089666
0.2954933
0.3087706
0.2855522
0.2835429
0.3009255
0.3105019
0.3002553
0.2929847
0.2992882
0.3047467
0.3126529
0.3012633
0.3237956
0.2919018
0.3065169
0.3145494
0.3064169
0.3083947
0.3178208
0.3028897
0.3161024
0.2897198
0.3037823
0.2950919
0.2973183
0.3024736
0.3084308
0.3001999
0.3227604
0.3241785
0.2855672
0.3112881
0.3076523
0.291834
0.3218019
0.3241274
0.3055321
0.2986167
0.3092405
0.3152732
0.3085037
0.2913033
0.3064469
0.2892791
0.3034467
0.30882
0.3203622
0.3199243
0.3107665
0.3009389
0.308536
0.2867912
0.3078309
0.3137026
0.3071467
0.3121527
0.2893156
0.3047805
0.3054495
0.2873915
0.3053623
0.313089
0.2981532
0.2968923
0.3038817
0.3239923
0.3038755
0.2865801
0.2798237
0.3098142
0.3042689
0.3254293
0.2900026
0.2944338
0.3015679
0.2890483
0.2950201
0.2911103
0.3032252
0.3043774
0.3224339
0.3052856
0.3015408
0.2959224
0.3225917
0.2914382
0.3190422
0.3154067
0.3153814
0.2956173
0.3000449
0.3254306
0.3070277
0.3114534
0.3048649
0.2864314
0.3056246
0.3028694
0.3000629
0.3258834
0.2909019
0.3183595
0.3128013
0.2972284
0.3041426
0.2996708
0.3105702
0.3243239
0.3089814
0.3026907
0.3045071
0.2919641
0.3028985
0.3157599
0.3055004
0.2977933
0.3015396
0.3146868
0.3233673
0.3089156
0.2999081
0.3022667
0.323187
0.310266
0.3039741
0.3009857
0.3132815
0.2995171
0.2808072
0.2996395
0.312664
0.2910571
0.3081232
0.3019052
0.3049812
0.3114031
0.2997965
0.2923175
0.2984617
0.2870208
0.285573
0.3118487
0.3011501
0.2957219
0.3007275
0.3076526
0.288365
0.3307212
0.2938301
0.31897
0.2983611
0.3054073
0.2997114
0.3043358
0.3010301
0.302142
0.3000951
0.3180818
0.3071578
0.3277063
0.3048025
0.3013428
0.3017756
0.2958541
0.2979825
0.3017726
0.3044624
0.3027362
0.3137598
0.2928589
0.2655542
0.2965689
0.3175091
0.3091551
0.323682
0.3008784
0.3026674
0.2961819
0.2942236
0.2882412
0.3036085
0.2838632
0.3044187
0.3191922
0.300861
0.3078361
0.3000128
0.3077915
0.2928133
0.3212171
0.2934963
0.3233302
0.2992432
0.3007333
0.2992884
0.308123
0.3062452
0.2958123
0.295174
0.3228812
0.3124622
0.3371329
0.3029687
0.2971253
0.3264099
0.3056558
0.2963581
0.2955461
0.3113049
0.3081289
0.3059782
0.2987528
0.3114312
0.2935305
0.2989684
0.3020565
0.3134336
0.3178594
0.30586
0.307283
0.3032622
0.2936522
0.2962119
0.3018414
0.3011821
0.2974312
0.2929242
0.3111414
0.3054446
0.2994317
0.3099658
0.3105481
0.2981861
0.2988804
0.3004028
0.2968289
0.3194172
0.3127834
0.296918
0.301474
0.3011111
0.2968619
0.3116073
0.3073562
0.3324368
0.3085982
0.3152822
0.3050787
0.3065048
0.3046232
0.3051494
0.3069103
0.2780222
0.3051558
0.3253937
0.2865318
0.295994
0.3056478
0.3076588
0.3106112
0.3041968
0.3019462
0.3023201
0.2941437
0.2712312
0.2823798
0.3100535
0.283866
0.2882659
0.2902382
0.3171513
0.3128022
0.3149119
0.2855937
0.3061917
0.3149555
0.3045759
0.2952745
0.3000482
0.3013176
0.2840245
0.3200454
0.300258
0.2866726
0.3085697
0.3203987
0.3108121
0.3049725
0.3026781
0.2933779
0.3011624
0.3104846
0.3071375
0.312348
0.3116646
0.3152374
0.3065851
0.311323
0.3022666
0.3174585
0.3128185
0.2986544
0.301017
0.318768
0.3011526
0.2976991
0.2739383
0.2997299
0.3168677
0.3171926
0.3089855
0.3079011
0.3063024
0.3126488
0.3016855
0.3057035
0.3001367
0.3068178
0.3103757
0.3060415
0.2996238
0.3162351
0.3180288
0.318546
0.3127192
0.3307853
0.2979144
0.2860807
0.2946009
0.303526
0.2845862
0.293613
0.3037118
0.2987701
0.3099496
0.2964977
0.2951532
0.2995848
0.2931295
0.2869378
0.3014531
0.3007862
0.2940773
0.2925076
0.2911319
0.3000892
0.3118071
0.284956
0.2919385
0.3258823
0.2840348
0.2997815
0.3132768
0.3099668
0.3088076
0.3202886
0.2929418
0.3132503
0.3239701
0.3116982
0.2922233
0.3221848
0.3073256
0.2907519
0.2963519
0.3044024
0.2969245
0.2819405
0.3143136
0.2956456
0.2997162
0.3093237
0.2891617
0.2930511
0.3317279
0.2998969
0.2968079
0.3038807
0.311673
0.3110664
0.2986191
0.3030475
0.277581
0.318653
0.2996694
0.3143818
0.3097529
0.3075414
0.3165067
0.2948407
0.324235
0.3077247
0.3073477
0.3160656
0.2986781
0.297208
0.2994226
0.2919412
0.3347644
0.3059621
0.2940221
0.3044537
0.3057616
0.285712
0.3212409
0.2984776
0.3057256
0.3119315
0.3156926
0.3183547
0.2896012
0.312651
0.2852629
0.3168901
0.3113259
0.2968381
0.3043908
0.317484
0.3244337
0.3167251
0.2950895
0.305982
0.3003771
0.2975217
0.3156939
0.3135068
0.3115067
0.3059141
0.3130872
0.3100089
0.3084533
0.3196942
0.2865316
0.3017721
0.3165563
0.3116473
0.3242102
0.2995066
0.295234
0.2837215
0.3153371
0.3087086
0.3031382
0.3162918
0.2876121
0.2877973
0.3055149
0.3068306
0.2897449
0.311286
0.3079168
0.3130864
0.2998167
0.3035201
0.2986737
0.3083678
0.2879046
0.3032827
0.3021966
0.3027195
0.3207829
0.309062
0.3029185
0.3160004
0.2684122
0.2904755
0.3053612
0.3075755
0.3095764
0.3001067
0.3075667
0.2852889
0.2998798
0.3084464
0.2995688
0.3078869
0.3035035
0.2998229
0.2905059
0.2961872
0.3149601
0.3032997
0.2894599
0.2987625
0.3020231
0.3142021
0.29558
0.2864918
0.3018608
0.3171026
0.2901012
0.3043788
0.3042708
0.2985749
0.2987869
0.3133836
0.3015141
0.2857098
0.3060329
0.2974447
0.3053464
0.2911615
0.3111644
0.2882136
0.3126204
0.2812817
0.3217958
0.3087253
0.3254202
0.312142
0.2821649
0.3140416
0.3116249
0.2954335
0.3016809
0.3121715
0.3093582
0.280292
0.2976089
0.3041647
0.3209849
0.3070373
0.3053726
0.3338273
0.2913675
0.3153737
0.2887273
0.3039683
0.2950278
0.2996237
0.305683
0.3137014
0.3093607
0.3367096
0.2996891
0.3140704
0.3071181
0.3109284
0.3345526
0.3129053
0.2992012
0.3189521
0.2923956
0.2984307
0.3106283
0.3045121
0.29854
0.3200851
0.292411
0.2929288
0.2992798
0.3242327
0.3092686
0.3112071
0.3052104
0.2927638
0.3214796
0.2959938
0.3127458
0.3029678
0.2921888
0.2927113
0.3004536
0.2875893
0.2795969
0.3167923
0.3108683
0.3249114
0.2956436
0.3139704
0.3004848
0.3331652
0.2933955
0.3065059
0.3013543
0.3356489
0.3041222
0.3024216
