0.2276148
0.2626441
0.3116114
0.3419564
0.3180063
0.3177069
0.3111226
0.2683937
0.3005202
0.2810626
0.2311353
0.2205662
0.2748387
0.2842105
0.2688005
0.2560577
0.2776986
0.3020867
0.2634777
0.2661077
0.2607456
0.2392174
0.2492236
0.2674964
0.2489942
0.2612253
0.2316803
0.2784046
0.2725891
0.2571143
0.2711485
0.2703537
0.231477
0.2802701
0.2962622
0.3320349
0.2861138
0.2567375
0.2778827
0.2729819
0.2801873
0.2948329
0.2537998
0.2527336
0.2502135
0.2861067
0.2493591
0.2772647
0.2831385
0.2569694
0.278019
0.2640319
0.2618143
0.2712125
0.2305413
0.258913
0.2615896
0.2375019
0.235441
0.2611792
0.2534697
0.2165221
0.2501778
0.275684
0.2737128
0.2557216
0.2639344
0.2718435
0.2134445
0.239119
0.2294228
0.2305903
0.2264217
0.2490632
0.2765154
0.2094644
0.2349491
0.2292346
0.2468549
0.2704592
0.2478174
0.2287655
0.2657886
0.2396401
0.2315103
0.2537703
0.2305756
0.2464156
0.2116962
0.237526
0.2297606
0.2130069
0.2645731
0.219952
0.2571207
0.2742794
0.3183083
0.2833626
0.2396975
0.267332
0.2355725
0.2153365
0.2174866
0.2554883
0.2717098
0.3020527
0.2569706
0.2687174
0.286584
0.3024489
0.2778731
0.2513409
0.2812629
0.2683436
0.2444058
0.2480083
0.262708
0.2873526
0.2578362
0.2424145
0.2322969
0.2226508
0.2238484
0.2458751
0.2434816
0.2514739
0.2181968
0.2492134
0.2636138
0.2486382
0.2367995
0.240842
0.2593507
0.2572551
0.2450501
0.2207963
0.2329032
0.2648391
0.2209742
0.2618102
0.2564947
0.309034
0.2693443
0.2579495
0.2786073
0.2825698
0.2856621
0.2546539
0.2403461
0.232662
0.2633234
0.2143529
0.2209626
0.2328394
0.277014
0.2554079
0.2653627
0.2432453
0.2677201
0.3070816
0.2581725
0.2861227
0.2460136
0.2316956
0.2388449
0.2278178
0.2295518
0.2575946
0.278211
0.2594778
0.2701129
0.236418
0.2943665
0.2751543
0.2907205
0.2573601
0.2855141
0.2714067
0.2406088
0.235889
0.2765046
0.2655022
0.1994909
0.222736
0.2732168
0.2656932
0.2540331
0.2555834
0.2274329
0.2788421
0.2555348
0.2323612
0.2901872
0.2773112
0.2922506
0.2737016
0.244114
0.2406722
0.2660473
0.2496219
0.231694
0.2630985
0.2456496
0.2305874
0.2412743
0.2615562
0.2506843
0.2384568
0.2598174
0.2829905
0.2675656
0.2927256
0.2527794
0.2227252
0.2516213
0.255192
0.2752732
0.2869975
0.2443266
0.2514709
0.2632477
0.2535994
0.2463464
0.2682315
0.2671015
0.2625319
0.2791539
0.246156
0.2327974
0.2228941
0.2391766
0.2697218
0.2457365
0.2441161
0.215786
0.2288726
0.2517237
0.2317932
0.2422327
0.249288
0.2349512
0.2668753
0.2504133
0.2390814
0.2758212
0.3082346
0.2583622
0.2384092
0.2552676
0.2505976
0.2190116
0.2416407
0.2132492
0.219126
0.2387407
0.2761519
0.2442216
0.2435656
0.2864432
0.2664506
0.2322161
0.2820857
0.2494807
0.2408444
0.2521333
0.2763977
0.2616622
0.2760506
0.3060115
0.2735125
0.2465484
0.2514044
0.2208499
0.2613486
0.2576363
0.2471093
0.2193653
0.2168099
0.2350739
0.2636913
0.242993
0.2664774
0.2858272
0.2372716
0.2967948
0.2523337
0.2432014
0.2871881
0.2204167
0.2792183
0.2332159
0.2742284
0.2447282
0.2351079
0.2482828
0.2481697
0.2382434
0.2657489
0.2537136
0.2326752
0.2235479
0.257667
0.2330266
0.2806226
0.266091
0.2726464
0.2699666
0.2407776
0.2693186
0.2449545
0.2697786
0.2978367
0.246357
0.2668401
0.2664817
0.2495839
0.2302906
0.2393588
0.2304009
0.2484324
0.2703214
0.2308105
0.2955787
0.2497235
0.301548
0.2455838
0.3049634
0.2813711
0.23466
0.2379331
0.2466884
0.22844
0.3165023
0.2281636
0.2571695
0.2529499
0.272253
0.2613202
0.2608765
0.2501282
0.2511519
0.286122
0.2863421
0.2739332
0.2664386
0.2435418
0.2583819
0.2730021
0.2659526
0.2946357
0.265686
0.3070874
0.2464409
0.2742622
0.2686251
0.2184608
0.2732591
0.2908691
0.2972015
0.2583366
0.2744672
0.2643305
0.3119879
0.2735998
0.2735542
0.2513651
0.2366158
0.2113709
0.2386383
0.2766772
0.2178139
0.2487132
0.2478524
0.2801386
0.243787
0.2700113
0.304701
0.3023772
0.299884
0.2688696
0.2695792
0.2154213
0.2482718
0.2689425
0.2451537
0.213229
0.2669397
0.2630015
0.2133467
0.2558907
0.260682
0.2465929
0.2504118
0.2831553
0.2781002
0.2817219
0.2724502
0.2446823
0.2751897
0.2939727
0.2781829
0.3100321
0.2334303
0.2590161
0.2294888
0.2717496
0.2605709
0.2717193
0.2116948
0.2562564
0.2565953
0.2530606
0.2395017
0.2437163
0.2429574
0.2786838
0.2739291
0.2632221
0.2863826
0.2786609
0.2553845
0.2696873
0.280212
0.2884451
0.2901014
0.29237
0.2448537
0.258138
0.2698462
0.260733
0.268648
0.2537836
0.2585523
0.2426987
0.2526374
0.2607254
0.2128954
0.2201207
0.2487466
0.2784123
0.2764935
0.2988862
0.2394665
0.2510862
0.258229
0.3268861
0.2749212
0.2545896
0.2729345
0.2640642
0.2558238
0.2576309
0.2943109
0.2667598
0.2541848
0.2307819
0.2403362
0.2724701
0.2844904
0.3028885
0.2865022
0.2976882
0.2769084
0.239188
0.2509208
0.255196
0.2473045
0.2621146
0.2861524
0.2640348
0.2400684
0.2364548
0.2371655
0.2965133
0.2508125
0.2560452
0.2303433
0.2458972
0.2787711
0.2709428
0.2567738
0.2792005
0.2747492
0.2633397
0.2570976
0.2713957
0.2663599
0.2151277
0.2437265
0.2234985
0.2366099
0.2845441
0.2509873
0.2920891
0.2621998
0.2624735
0.2429709
0.246552
0.2897962
0.2898968
0.2602733
0.2852805
0.2719398
0.2918612
0.2625537
0.3024821
0.3037759
0.2713298
0.2976387
0.3408305
0.3236522
0.2600001
0.2748636
0.2519764
0.2406923
0.2207355
0.2213774
0.2673037
0.244796
0.2219454
0.2627856
0.2730507
0.2499173
0.2401391
0.2520079
0.2846214
0.2559094
0.2516247
0.2797527
0.2783376
0.2469839
0.300916
0.3135088
0.2761896
0.2880786
0.2904269
0.2397698
0.2209841
0.1805562
0.2129532
0.2750924
0.2516112
0.2648995
0.2649954
0.2310061
0.2150424
0.1905386
0.2544737
0.2812632
0.2823683
0.2465562
0.2543285
0.2275002
0.2373063
0.2535552
0.2242819
0.2523368
0.2262409
0.2505296
0.258833
0.2441342
0.2399643
0.2300576
0.2581816
0.2234986
0.2371366
0.2703025
0.2736426
0.231366
0.2414113
0.2409903
0.2657864
0.2259621
0.256412
0.2681683
0.26189
0.2379728
0.2703007
0.2269424
0.2511188
0.2368364
0.2438806
0.2490248
0.2535377
0.2403739
0.2299338
0.2486195
0.2503578
0.2644131
0.2485123
0.2899347
0.2203764
0.2078913
0.2634313
0.2594014
0.269418
0.2674152
0.3091729
0.2860378
0.2418904
0.2486834
0.2700093
0.2675089
0.2431184
0.2190828
0.3186242
0.2664323
0.2456564
0.243228
0.2267567
0.2675864
0.2336359
0.2569235
0.2848922
0.2738369
0.2677492
0.2957679
0.2736459
0.2738679
0.2537291
0.2670877
0.2880564
0.243317
0.2588852
0.2613674
0.2288877
0.2410412
0.2650082
0.2374916
0.2180312
0.2262975
0.2753989
0.2153518
0.2487498
0.2479328
0.2706309
0.2678975
0.2392969
0.29391
0.2539861
0.2340036
0.2425774
0.2433968
0.2491848
0.2580496
0.2582055
0.2584674
0.2453412
0.2592261
0.2348246
0.2707062
0.2538119
0.2978515
0.2528032
0.2465728
0.2503418
0.2268853
0.2413391
0.2373203
0.2305893
