0.400995
0.4164535
0.3810573
0.3227348
0.3405726
0.3534277
0.3264074
0.3604508
0.380016
0.3462722
0.3887716
0.3502997
0.3816503
0.3211684
0.2584041
0.3077087
0.3148502
0.3213504
0.3718876
0.3326439
0.3610086
0.3798597
0.4513201
0.3188593
0.3467912
0.3437238
0.3066535
0.3116165
0.2792603
0.2535977
0.2901902
0.3166481
0.2603854
0.3372788
0.3221281
0.2740626
0.3189444
0.2649054
0.3468757
0.3334392
0.3155711
0.3708604
0.3255415
0.3317359
0.2733422
0.3207334
0.3492759
0.3451052
0.3618415
0.3551897
0.3496766
0.3012957
0.3038598
0.3098347
0.2917388
0.3709297
0.3156623
0.3494506
0.3664417
0.3723389
0.3790544
0.3375026
0.3492803
0.3580504
0.3170536
0.342777
0.3628599
0.3677191
0.3383743
0.3464688
0.3445486
0.3662259
0.3652307
0.4109768
0.3583716
0.3482958
0.3639011
0.2985544
0.4173618
0.4047755
0.4363276
0.4291863
0.3183931
0.3563351
0.316665
0.2811162
0.3345113
0.3892173
0.365157
0.3947179
0.4424466
0.422325
0.3310295
0.2979707
0.3045611
0.3052332
0.3210396
0.2877839
0.3466469
0.350456
0.3355651
0.3971273
0.4020198
0.3304466
0.3287111
0.3350348
0.3533176
0.3489958
0.2645648
0.2898709
0.2920391
0.2999106
0.3035854
0.3138937
0.2992589
0.3225214
0.3821537
0.3425943
0.3658402
0.2721782
0.3624939
0.3686875
0.3829624
0.4099194
0.4249557
0.3361587
0.3742042
0.3394906
0.3661924
0.3095889
0.4241328
0.3266043
0.3522839
0.3204476
0.3580087
0.3479169
0.3315582
0.3456254
0.3544611
0.3051346
0.3370591
0.3057733
0.3413079
0.3326653
0.2598779
0.2403963
0.2586443
0.2833526
0.275797
0.3431595
0.3341321
0.3827755
0.3897272
0.3720122
0.4429121
0.3119662
0.3236448
0.2532995
0.3093408
0.2604789
0.301184
0.3028002
0.2861182
0.3532826
0.3084216
0.3274497
0.410433
0.3278235
0.2989889
0.3673822
0.4268686
0.3453353
0.350544
0.3160974
0.3050358
0.3201753
0.3202299
0.3695656
0.2897321
0.3793765
0.3345379
0.3779955
0.3773358
0.321026
0.2967826
0.2758174
0.2793093
0.3098411
0.3647785
0.3511193
0.3188023
0.2943443
0.3455
0.3103076
0.3107235
0.2746323
0.3165085
0.3236534
0.3782445
0.3530747
0.3236236
0.3470456
0.3090693
0.3786804
0.3079093
0.345674
0.3611995
0.3627347
0.3800354
0.3222289
0.3522247
0.3768319
0.3668522
0.3612159
0.3028369
0.3316392
0.2798767
0.2519928
0.306713
0.3053646
0.3525322
0.3006784
0.3944299
0.3320246
0.3209925
0.3543355
0.3088197
0.3055133
0.320931
0.3316352
0.3100279
0.2992384
0.2867402
0.3388372
0.3196142
0.414664
0.4151003
0.3914918
0.3781084
0.35355
0.3079648
0.3291107
0.3750754
0.3913875
0.29477
0.2345522
0.2839694
0.3709796
0.2939932
0.3477444
0.3042862
0.4103512
0.3486198
0.3642084
0.3205847
0.3788933
0.3847886
0.4043385
0.3476585
0.3608438
0.4495927
0.3140634
0.3592893
0.3843702
0.3136249
0.3558257
0.3227029
0.3815054
0.4384464
0.3272912
0.3336516
0.3181138
0.3712409
0.3148511
0.3478899
0.3336455
0.3532797
0.3180136
0.3269193
0.3060178
0.31099
0.2615208
0.2942741
0.3227885
0.3310385
0.4188928
0.409366
0.3587512
0.3032865
0.3928686
0.3408976
0.3403818
0.340836
0.4042469
0.3735203
0.3248987
0.3818228
0.3583491
0.3989794
0.3702924
0.3295309
0.3798287
0.3006451
0.3563319
0.3607091
0.3274389
0.3031957
0.3125644
0.2643682
0.3396528
0.2603502
0.2772695
0.2907336
0.3090091
0.2606743
0.3061002
0.3324642
0.3210378
0.3266052
0.2958721
0.2525991
0.3182707
0.3402813
0.3311482
0.3908171
0.3767984
0.3547309
0.4005993
0.368325
0.3978518
0.4006286
0.3432476
0.3367044
0.4011163
0.4016701
0.3612305
0.3795067
0.232424
0.3464778
0.3453226
0.3087275
0.3156571
0.3441885
0.273044
0.2749924
0.3223653
0.3629846
0.3676378
0.3058671
0.2980288
0.3080669
0.324904
0.3383858
0.2687297
0.3428345
0.269357
0.3089689
0.2712477
0.317202
0.3778019
0.4230547
0.3230846
0.2932548
0.2763748
0.3050549
0.3098997
0.3700673
0.3444744
0.4649329
0.3552223
0.3347352
0.3584401
0.3083268
0.2983064
0.3101047
0.3385832
0.3300703
0.3616496
0.3220724
0.3445372
0.3015331
0.3596403
0.3352112
0.2989888
0.360651
0.357035
0.3355413
0.4046347
0.357742
0.3382186
0.3320583
0.3830669
0.2900975
0.3698237
0.2972831
0.338714
0.3702088
0.3109692
0.3181367
0.3460291
0.3716137
0.3402885
0.3751057
0.3553668
0.377868
0.2902759
0.3856563
0.42213
0.3755498
0.326734
0.3183441
0.3154428
0.3495867
0.3448384
0.3768786
0.3376295
0.2744713
0.2678383
0.2924411
0.2604245
0.3049963
0.2857324
0.2551751
0.3022008
0.2770887
0.302375
0.3281588
0.3892848
0.3271717
0.2660994
0.2997077
0.3976206
0.3605995
0.4101892
0.3874084
0.4007957
0.347524
0.3043681
0.3222929
0.2960478
0.2732542
0.3124547
0.323432
0.3026666
0.3158133
0.3150086
0.2820318
0.321452
0.2721071
0.2964344
0.3095039
0.3100974
0.3025542
0.2786256
0.2890953
0.3111162
0.3289457
0.3547892
0.287153
0.2793618
0.2834549
0.2532248
0.3219427
0.3095882
0.3644113
0.3567064
0.2731805
0.3247844
0.3471737
0.4208628
0.4064746
0.3631806
0.4022547
0.3600563
0.386592
0.3404463
0.3184706
0.2701131
0.2524842
0.3509106
0.3381275
0.438575
0.3394584
0.3671845
0.3454904
0.3371267
0.3121793
0.3860554
0.3621723
0.2763581
0.3432698
0.2587266
0.2421285
0.2841614
0.2505414
0.3431232
0.3406808
0.2975496
0.3253754
0.3879135
0.4005516
0.3339061
0.2567631
0.3136298
0.3020344
0.3314445
0.3302424
0.2736746
0.357088
0.3433118
0.2705153
0.2468843
0.2901138
0.3527589
0.3770917
0.4133462
0.3028326
0.306448
0.2917023
0.3145531
0.2908927
0.3951799
0.316722
0.2887075
0.3168244
0.3246659
0.298451
0.3098376
0.3150184
0.3044575
0.3264132
0.2866633
0.3353689
0.2736294
0.3556942
0.3677443
0.3426339
0.3341083
0.4215138
0.4230567
0.3554333
0.2888424
0.3712743
0.297501
0.3167412
0.3618259
0.310659
0.3382288
0.3051181
0.4140132
0.3924893
0.4044768
0.4150622
0.3219965
0.3752684
0.3152396
0.3777305
0.3759097
0.4370926
0.3962164
0.3401357
0.4073453
0.3668202
0.3782239
0.3183541
0.4009999
0.483674
0.4163196
0.4036844
0.3338964
0.3671685
0.5012283
0.3564239
0.3623704
0.3676393
0.3514034
0.3701825
0.366014
0.3468877
0.3246963
0.3706755
0.347227
0.4161212
0.3786366
0.3159618
0.3352473
0.3191282
0.3499765
0.2916062
0.298174
0.3349625
0.3686974
0.3223978
0.2626782
0.3416297
0.3144279
0.2794063
0.2323388
0.3410124
0.2939886
0.3184358
0.4271025
0.3227521
0.3624422
0.3988668
0.373702
0.3860232
0.2806597
0.305754
0.3372073
0.3644329
0.2966924
0.4007309
0.3483403
0.3027281
0.2951742
0.3674072
0.2704581
0.3161861
0.3398466
0.2807855
0.2717478
0.3439473
0.3522794
0.2746125
0.2776429
0.2968747
0.3000172
0.3114021
0.3756818
0.3812444
0.3634589
0.3748257
0.3769927
0.4153503
0.3072783
0.3237296
0.26192
0.3346579
0.3180645
0.2786409
0.3086758
0.3524063
0.3031024
0.2943804
0.3535332
0.2850311
0.3409765
0.3709611
0.3508202
0.3212181
0.3257198
0.3454215
0.3099343
0.3060273
0.3300312
0.2508559
0.3509253
0.2662382
0.3935766
