0.2048636
0.2514505
0.2315154
0.2241747
1.062053
0.3177034
0.71339
0.3136004
0.4390362
0.4697098
1.465339
0.4737436
0.6789283
0.4158756
0.7431072
0.2723243
1.067286
0.3896821
0.5279042
0.5534089
1.132224
0.5060235
0.5951808
0.7708407
0.5801368
1.988703
0.6066218
0.562449
0.8190649
1.075093
0.4127999
0.7142932
1.001782
0.7458996
0.4393421
0.8684636
1.626751
1.041304
0.7527384
0.7876858
0.8163101
0.665191
0.8436746
0.6467633
0.600609
1.305435
0.495383
1.395365
1.417972
1.682485
1.779641
1.414416
1.105033
0.8874508
0.4320888
0.8838335
1.025954
0.7988276
1.878149
0.6310277
0.5750374
0.4917737
1.310829
0.4603635
0.8440116
1.56749
0.7927207
0.6807134
0.5240114
0.7055901
1.101541
0.5204351
0.7281899
0.8694229
0.392335
0.6660611
1.464981
0.3683449
0.6506083
0.4721978
1.104986
1.21121
1.070786
0.4025878
0.7590103
1.710887
0.6853517
0.8223208
0.5826664
0.8310998
2.203525
1.122357
0.568125
1.770449
1.599166
0.6592447
0.8101822
0.5221995
1.438257
0.4141205
0.3548479
0.5708717
0.4139129
0.5673079
0.5005198
0.4001544
1.020146
0.6293457
1.474689
0.6534198
0.64229
0.4667333
0.4948921
0.9374389
0.8243993
0.3392789
0.2646857
1.415136
0.7359643
1.170863
0.5258871
1.153707
1.009636
0.936087
0.6035317
0.6290539
0.926358
0.5602514
0.4354648
0.4365212
1.055075
0.6618237
0.3978156
0.5080293
0.476723
0.6831647
0.7015369
0.6902833
0.3249952
0.6151986
0.7955093
1.091879
0.9835707
0.5206232
0.3068122
0.4741783
0.4046015
0.2352403
0.9427008
0.9779016
0.9571228
0.5430822
0.7532737
3.232904
0.8578384
1.052419
0.365897
1.927304
0.8435232
0.5828097
0.6541558
0.7379603
0.9761971
1.21886
2.653269
0.8206933
0.6976004
1.33661
1.358482
0.5693084
1.129382
0.4655808
1.295207
1.925855
1.957086
0.6748413
0.8902096
1.508605
0.8667631
0.3995166
0.9858471
0.9297497
2.96642
0.7816264
1.111734
0.4132081
0.7019261
0.483472
0.9006214
0.5293139
0.6543102
0.6358041
0.5224418
1.546268
0.5565852
1.076553
0.5021971
0.7130184
0.8840742
0.8523914
0.7238383
0.9970507
0.6162908
1.454839
0.5888246
0.6895389
0.5300037
0.3756686
1.247156
0.5675405
0.6434831
0.3157162
0.9133343
0.554023
0.8690246
0.6761196
0.5234183
0.8607631
1.208343
0.5371563
0.9761498
0.6519686
0.8529154
1.150774
0.7399526
0.6243652
0.7806803
0.7960432
0.8355086
0.8567576
1.915901
0.6244017
1.137377
1.023655
0.8265205
1.741808
1.539598
0.6783922
1.000539
0.7449775
1.57273
0.6222216
0.67039
0.7355466
0.6004526
0.5729273
1.822609
0.9925748
0.3397295
0.892721
0.8094107
0.6109395
1.267378
0.6148487
0.8206006
0.6525024
0.8259917
0.7030253
0.5938186
1.026265
0.7712073
1.506534
0.9490097
3.224075
0.6021284
0.5806397
0.7371929
0.4651146
0.7170045
0.5048685
0.5015588
1.010171
3.332677
0.5391367
0.851989
0.6473185
1.085169
0.6739893
1.650885
0.9114352
0.640712
0.7742499
0.7533471
0.6056957
0.8850659
0.5041664
0.8800199
0.7051799
1.449484
1.301832
1.048735
0.6419849
0.6617079
0.6941327
0.5935996
1.062966
0.8030688
0.5757012
0.8722395
1.381496
1.009313
0.6967179
0.4483704
2.461721
0.3534474
1.017625
1.140974
0.4933951
0.4889446
1.073307
0.7124097
0.6971267
0.757034
0.4677769
0.8836098
0.4791534
0.4952966
0.7366605
0.9077743
0.799665
0.821749
0.5223751
0.5264385
1.8694
0.6909166
0.7240888
0.8651139
0.9344418
1.003012
0.8248197
0.8318925
0.8596702
0.9223336
1.058078
0.6175233
0.6647751
0.5078901
1.42248
0.479609
0.2262571
0.6020361
0.4459155
0.8021591
1.469037
0.6694303
0.5891275
0.4090171
1.141074
0.7345055
1.038113
0.7278577
0.4870128
0.3395219
1.191667
0.5559003
0.681757
0.4572543
0.4017256
0.4936314
0.7594384
0.5364063
1.289143
1.371971
1.236346
0.3146833
0.717751
0.3926485
1.01315
0.9453834
0.5787327
0.7136048
1.011818
0.9341382
0.7313377
0.6820943
0.7051861
0.9427952
0.5457586
0.8549369
0.5098184
0.6839863
0.7279362
0.4845472
0.7673405
0.4757782
0.5802946
0.3748945
0.8892875
0.4493733
0.8288424
0.773464
0.8207108
0.8927563
1.049804
0.4420426
0.5358293
0.5125861
0.6040904
0.7879627
1.610072
0.6254201
0.320387
0.710309
0.9334527
1.205908
0.5386083
1.217675
0.5329927
0.5889907
0.4480871
0.9214718
0.568989
0.8104198
0.5510899
0.3346584
0.639793
0.5104088
0.7252288
0.5011529
0.6964742
0.5740567
0.7006242
2.168853
0.8673028
0.7682226
0.5035371
0.7954165
1.006707
0.9736895
0.8603932
0.6575537
2.143165
1.188677
0.8789713
1.511618
1.170856
0.6356659
0.6277256
0.4808294
1.627046
0.8309368
0.8413515
0.5021647
1.084511
0.8693864
0.7921886
0.7405616
1.028889
0.7915935
0.386228
0.652105
0.8014648
0.8617472
0.7463007
0.2978241
0.9761117
0.6826064
0.7416848
0.559513
0.5096205
0.8700618
0.3582609
1.588349
1.472631
0.4923639
0.603161
1.009553
1.089745
0.8501907
1.222388
1.887151
0.7854591
1.689411
0.6962973
1.549166
0.3657583
0.6221392
0.4585873
1.212163
0.7898182
1.04278
0.7834493
1.013921
1.151996
0.857383
1.377419
0.965406
0.8099794
1.174799
1.56575
0.2325485
1.934069
1.265149
0.8401331
0.6909982
0.4714901
0.4871666
0.9558705
0.7110828
0.5415144
0.4587512
0.8766672
0.553197
0.7492925
0.3695222
0.6630173
1.020805
0.7265372
0.5513599
0.8254961
0.6966799
0.4951875
0.7338288
0.6672655
0.311556
1.233756
0.7422643
0.6037603
0.7889931
0.5889703
0.8832472
0.7855107
0.8778167
0.5807271
1.020723
1.042826
0.9516282
0.5428733
1.069663
0.3851888
0.5858939
0.4756053
2.092482
0.7718629
0.3836783
1.813351
0.5478629
1.040407
0.8856896
0.758988
1.608426
0.9697181
0.6597236
0.5156334
1.739706
0.4530691
0.7395918
1.024254
0.5720329
1.012666
0.5372809
0.733893
0.6388643
0.4728262
0.6810995
1.241129
0.828942
0.7737811
1.205225
1.172018
0.9229197
0.4130906
0.7132943
0.9551123
0.4727787
1.063278
1.062106
1.346464
0.4834977
1.212796
1.740819
0.697448
1.296408
0.6064447
0.949036
1.447974
1.884868
0.7994441
0.8166757
0.6776176
0.7796189
0.7795363
0.6154573
0.7031224
0.4372153
0.3145072
1.123443
0.3023597
0.5839843
0.436203
1.105732
0.5871945
0.7354191
0.4813337
0.3663183
1.162265
0.751203
0.3669857
0.6605328
0.654196
0.9129448
1.263582
0.3320267
0.743437
0.6057784
0.6293589
1.548986
0.7268593
0.3266151
1.586515
0.4739512
0.4405512
0.4247109
0.3788109
0.5550641
1.229116
1.150144
0.4964667
1.230981
0.5111767
0.772182
0.3035097
0.966907
1.06912
0.9948955
1.200261
0.5696942
2.137814
0.3313401
0.5671949
2.443035
0.9713996
1.002795
1.784432
0.4604415
1.326246
0.9697842
1.049051
0.441969
1.256285
1.839929
0.8037383
0.7289581
0.5356933
1.214888
1.152887
0.7613339
0.6955226
0.5400855
1.160122
0.9881481
0.4033679
0.3908988
1.607585
0.5928608
0.7072132
0.552332
0.8895449
0.9109236
0.5829642
