-0.03837903
-0.06943625
-0.1054202
-0.09168324
-0.07812629
-0.03756609
-0.02771781
-0.08658566
-0.08823102
-0.01802679
-0.01671491
0.01721106
0.01185111
0.01065313
0.008211287
0.01388161
0.01225766
-0.005950775
0.03786621
0.03196367
0.0414096
0.05954348
0.08566642
0.09479628
0.05356033
0.03117724
0.05414326
0.03438882
0.03833813
0.1173226
0.1342487
0.1704203
0.2376841
0.2405075
0.328078
0.2984475
0.2901221
0.3253531
0.3222402
0.3803127
0.3635677
0.3681351
0.380759
0.3266075
0.3229518
0.335519
0.3608179
0.4110871
0.3936623
0.4102603
0.4165531
0.3995611
0.413973
0.4634604
0.4968741
0.5168528
0.5265718
0.5357413
0.5047144
0.4960856
0.5069727
0.5300083
0.5195417
0.4680765
0.4414312
0.4127793
0.364412
0.3616185
0.3893682
0.399501
0.4576063
0.4158986
0.3734861
0.4023346
0.4223612
0.422576
0.4166888
0.4261818
0.3911248
0.3914608
0.4273326
0.4958824
0.5279974
0.5159229
0.4747878
0.5199577
0.5320963
0.5120668
0.5155256
0.5801457
0.5594118
0.5603542
0.5397343
0.5259745
0.4843875
0.4712225
0.4372451
0.4073188
0.4366859
0.4299626
0.377061
0.3783607
0.4090989
0.4191453
0.3906609
0.3864116
0.3274157
0.3614256
0.3129136
0.3179332
0.3090403
0.3001018
0.3144257
0.3108778
0.3292548
0.3263397
0.305372
0.2999263
0.2916316
0.312375
0.3528969
0.3558344
0.3962281
0.3832757
0.3399482
0.3142759
0.2443677
0.2149571
0.1829789
0.1895186
0.2229415
0.2044904
0.2371399
0.2311014
0.2221404
0.2254546
0.253366
0.2711939
0.3190258
0.3084088
0.2506432
0.2353891
0.2579433
0.2425238
0.2345088
0.1920537
0.1442555
0.1534962
0.1348244
0.1361938
0.1742085
0.2193645
0.2494699
0.2580972
0.3123616
0.3297215
0.3795898
0.3526951
0.3868602
0.4072941
0.4383308
0.4917356
0.5061235
0.4985602
0.4952042
0.4982927
0.5234716
0.5039263
0.4855935
0.5636734
0.5701656
0.5678014
0.6007035
0.5612671
0.5312219
0.4878535
0.4482078
0.5195798
0.5147062
0.5342175
0.5556795
0.5753813
0.5274297
0.5055439
0.5183471
0.5155494
0.5131271
0.5057742
0.4826063
0.4944532
0.5436716
0.5048852
0.5554369
0.5911671
0.5964179
0.6044894
0.5723171
0.5667
0.5926189
0.602244
0.6134682
0.6205939
0.622066
0.6327739
0.6058654
0.5708293
0.5728515
0.558646
0.53718
0.5357159
0.5714676
0.5515702
0.4881062
0.5069858
0.4749374
0.4597764
0.4814446
0.4631116
0.4641215
0.4412098
0.457522
0.4004672
0.3906973
0.415306
0.4680465
0.4974765
0.4593715
0.4282115
0.4189413
0.4586529
0.4623257
0.4858544
0.5046572
0.4938758
0.4894874
0.5148502
0.5343836
0.5516357
0.5677537
0.5836188
0.5432593
0.5214911
0.537334
0.5375058
0.5098043
0.4650414
0.4225888
0.4265775
0.4447745
0.5122507
0.559266
0.5583441
0.5548598
0.5808725
0.5768378
0.5789034
0.6330664
0.6462308
0.655848
0.6088367
0.6375664
0.6239951
0.6150525
0.5833933
0.6440885
0.593467
0.5662692
0.5937945
0.5949424
0.557635
0.5636769
0.5671754
0.5534974
0.5561703
0.5660711
0.607536
0.613447
0.5743015
0.6060413
0.6143998
0.5974349
0.599958
0.5507683
0.5746184
0.5880075
0.5804313
0.5688386
0.556403
0.5476111
0.5461214
0.4805285
0.4686918
0.5098004
0.527152
0.5682569
0.5649406
0.5444637
0.5281726
0.531385
0.5033576
0.449386
0.4679197
0.4440989
0.4642121
0.4894001
0.5321594
0.5331763
0.5325993
0.4938923
0.5128859
0.5418534
0.5580891
0.5405963
0.5603223
0.6270604
0.6136383
0.6196703
0.6462161
0.6235511
0.662963
0.6543999
0.6861622
0.7071777
0.7035381
0.6779882
0.6926914
0.683189
0.670064
0.6671198
0.5940054
0.5784929
0.5558975
0.5459225
0.5628356
0.5270727
0.5645359
0.5301614
0.5265358
0.52222
0.5072291
0.5078922
0.5174272
0.5107883
0.4961153
0.5333992
0.4890848
0.4984516
0.4871157
0.4557847
0.5084301
0.4770544
0.4374569
0.4089174
0.4159208
0.4142558
0.4144986
0.38808
0.4049573
0.4219939
0.4128537
0.4376122
0.4448132
0.451803
0.475186
0.51244
0.5025572
0.5090663
0.5219221
0.5591836
0.5113334
0.5427627
0.5257811
0.4773224
0.4560547
0.4584851
0.4528625
0.4706831
0.4185754
0.4307163
0.4142904
0.3871661
0.4058758
0.4161178
0.4298004
0.442038
0.4170518
0.4111474
0.4610015
0.4897624
0.4829459
0.5338408
0.5128061
0.5189279
0.4836792
0.4886503
0.4897956
0.5141519
0.5218809
0.5158762
0.4700389
0.4622063
0.4940358
0.5061902
0.5338418
0.535562
0.5239833
0.5710415
0.5986915
0.5790409
0.5046129
0.466469
0.4624542
0.4675587
0.4641332
0.5347838
0.5887285
0.6175545
0.6025056
0.6329467
0.6066394
0.6140618
0.6170049
0.6683302
0.6893245
0.7414037
0.741801
0.7307641
0.7834038
0.8862006
0.8850032
0.9492277
0.946061
0.9909141
0.9962114
1.056147
1.066717
1.109334
1.059157
1.073535
1.099015
1.087751
1.119683
1.125954
1.148365
1.159172
1.190391
1.164015
1.157345
1.163532
1.179673
1.163942
1.174419
1.161951
1.157712
1.179677
1.18854
1.206524
1.229998
1.198544
1.189916
1.217829
1.189775
1.176244
1.183395
1.194194
1.19427
1.215571
1.22464
1.221761
1.189066
1.181498
1.15066
1.153401
1.146718
1.15727
1.194105
1.153567
1.185785
1.158948
1.124933
1.099371
1.108496
1.098765
1.151757
1.130811
1.147842
1.099476
1.107872
1.166006
1.173535
1.156355
1.154276
1.142408
1.139484
1.121369
1.071445
1.021792
1.027793
1.065484
1.070954
1.103918
1.020998
1.023712
1.064398
1.02347
1.020082
1.008939
1.002457
0.971706
0.9636543
0.9360902
0.974626
0.979777
0.9895379
1.006074
0.9595553
0.9453069
0.8869466
0.8760715
0.9150929
0.856259
0.8395768
0.8524098
0.9044791
0.9275949
0.9210963
0.9077358
0.9404774
0.9308776
0.9346024
0.9307827
0.9561785
0.9945887
0.9675132
0.9872803
1.015787
0.9893672
0.9796895
1.004872
0.9359867
0.9345702
0.884859
0.9407623
0.9205211
0.888319
0.913948
0.900608
0.8727638
0.846603
0.822137
0.8959169
0.8798499
0.892508
0.9121453
0.8990306
0.9145382
0.9093091
0.8830493
0.9038485
0.9571182
0.968017
0.9578786
0.9470541
0.9112422
0.9183299
0.9363755
0.947876
0.9237162
0.9359433
0.8923782
0.8940565
0.916285
0.8604379
0.8736853
0.8966282
0.8673033
0.9129534
0.8511895
0.8796224
0.9242837
0.9039214
0.9022543
0.9266478
0.9317081
0.9175932
0.9024294
0.9246886
0.9262741
0.9136481
0.9269122
0.9337048
0.8779582
0.9230512
0.8782098
0.8305147
0.9136543
0.9136183
0.9150225
0.9660924
0.960825
0.9840353
0.9684457
1.023345
1.06182
1.108185
1.080149
1.056522
1.093477
1.105094
1.087652
1.102395
1.090234
1.097834
1.108984
1.110931
1.097798
1.165694
1.171409
1.16632
1.153611
1.1437
1.12304
1.097276
1.110536
1.149806
1.103259
1.115695
1.12789
1.107215
1.176634
1.137037
1.153944
1.192234
1.166207
1.21426
1.219741
1.226125
1.233149
1.152831
1.139222
1.145698
1.179757
1.185199
1.229927
1.214777
1.270309
1.298723
1.304045
1.296002
1.347631
1.349266
1.34181
1.366094
1.392567
1.411752
1.434729
1.457126
1.478271
1.526716
1.52696
