0.1459361
0.1468064
0.1438034
0.1429907
0.1415478
0.1390714
0.1427989
0.1412814
0.1421465
0.1467053
0.1361931
0.1422516
0.1464748
0.1540586
0.1508743
0.1447646
0.147932
0.1504534
0.1512705
0.1404232
0.1470554
0.1358592
0.13725
0.1449283
0.1412868
0.1492181
0.154633
0.1447449
0.1471021
0.1411328
0.1554341
0.1423814
0.1445513
0.1508711
0.1359904
0.1496831
0.1466126
0.1494015
0.1421938
0.1392434
0.1581765
0.1381317
0.1362969
0.1475416
0.1396651
0.1383417
0.140977
0.1463646
0.1554403
0.1509062
0.1503979
0.1513378
0.1424172
0.1567613
0.1493552
0.1452565
0.148832
0.1495089
0.143508
0.1495913
0.1515045
0.1547293
0.1535037
0.1488622
0.1394256
0.1380016
0.1320163
0.1338698
0.1496703
0.1512097
0.1518209
0.1448717
0.1446823
0.1437258
0.1535597
0.1411605
0.1468313
0.1461659
0.150326
0.1441913
0.1370298
0.1457219
0.1445582
0.143552
0.1487688
0.1521041
0.1560533
0.1450371
0.1516367
0.1533758
0.1501376
0.1429753
0.1492902
0.1411619
0.1382677
0.1327068
0.1341751
0.1469436
0.1561048
0.1518629
0.1396455
0.1598985
0.1639862
0.1387766
0.1269278
0.1406907
0.1411691
0.1334862
0.1435694
0.1341753
0.1390828
0.141825
0.1377843
0.1434196
0.1445334
0.1380323
0.1443297
0.1475156
0.1513301
0.1423707
0.1488779
0.1377592
0.1479298
0.147526
0.1429404
0.1563845
0.151409
0.1491719
0.1459613
0.1339947
0.154562
0.1431734
0.1473059
0.1447196
0.1442033
0.1492058
0.1476695
0.1387755
0.1457093
0.1276707
0.1442219
0.1402632
0.1522478
0.1458596
0.1299956
0.1463188
0.1430725
0.1401482
0.143443
0.1393244
0.1447045
0.1544273
0.1392023
0.1415419
0.1455029
0.1438842
0.1417966
0.142274
0.1397474
0.1434402
0.1455419
0.1341461
0.1446451
0.1350262
0.1435508
0.1484787
0.1512013
0.1433177
0.1422644
0.1448608
0.1382179
0.1405162
0.1425773
0.1531308
0.1388905
0.1481474
0.1498562
0.1511677
0.1447081
0.1482964
0.1426734
0.136976
0.1398045
0.1472023
0.1582322
0.1450421
0.1489565
0.1381979
0.1407458
0.1402137
0.151688
0.143064
0.1364378
0.1446345
0.1439733
0.1387843
0.1507098
0.136868
0.1486349
0.1442859
0.1398043
0.1433044
0.1435134
0.1474127
0.1468725
0.1554403
0.154897
0.1461181
0.1416627
0.1382089
0.1456024
0.1456131
0.1360486
0.14716
0.151954
0.1466537
0.1433594
0.1377887
0.1545007
0.1442362
0.1508218
0.1457753
0.1457846
0.1462804
0.1403164
0.1365569
0.142342
0.1461764
0.139547
0.1472422
0.1420318
0.1457151
0.13883
0.1416874
0.1504431
0.1515641
0.1381747
0.1369064
0.1459903
0.1395047
0.1425074
0.1469414
0.13681
0.1508215
0.1417198
0.1344969
0.1502536
0.1402947
0.1471834
0.1555924
0.1397489
0.1401753
0.1538687
0.1272455
0.1522743
0.1482144
0.1494476
0.1415795
0.151872
0.1406501
0.1507197
0.1420449
0.1423566
0.1444076
0.1497278
0.1531607
0.1462467
0.1472278
0.1441793
0.145801
0.1467093
0.1491509
0.1405239
0.1400869
0.1426194
0.1585499
0.1392187
0.1389316
0.1490893
0.1423194
0.1505765
0.1409225
0.138722
0.1453323
0.1408748
0.1402239
0.1435739
0.1469316
0.1367482
0.1374189
0.1425296
0.1457766
0.1477998
0.1388116
0.1456513
0.1437472
0.1312594
0.1451229
0.132519
0.1307858
0.1345222
0.1378174
0.1462137
0.1416227
0.1297542
0.1476154
0.1373984
0.1456551
0.1529095
0.1443829
0.1479232
0.1463159
0.1522107
0.138543
0.1421957
0.1472758
0.1453239
0.1361691
0.1425352
0.1470722
0.1338263
0.1347492
0.1467859
0.1454417
0.1534031
0.141448
0.1414287
0.1438743
0.1434494
0.1345485
0.1467072
0.1338808
0.1366004
0.1351962
0.1475034
0.1502485
0.1465801
0.1493505
0.1441047
0.1465341
0.1500411
0.1428127
0.1505568
0.1461391
0.1422557
0.1633586
0.1464715
0.1411101
0.1429115
0.1385983
0.1390174
0.1389312
0.1492292
0.1490377
0.1435637
0.1435655
0.1287741
0.1452237
0.133779
0.1416387
0.1340786
0.1372135
0.1401433
0.1453974
0.1375096
0.1383333
0.1327207
0.1484753
0.151769
0.1579731
0.1535647
0.1500384
0.1437321
0.1412344
0.1442537
0.1563839
0.145788
0.1321643
0.1375059
0.140481
0.1402368
0.1433199
0.1446081
0.1479235
0.1455176
0.1355484
0.1377334
0.1362802
0.1556907
0.1522716
0.144778
0.1578413
0.1430273
0.1424146
0.1368438
0.1417784
0.1368203
0.1436693
0.1408371
0.1350853
0.1435731
0.1385462
0.1574877
0.1391312
0.1564346
0.1530973
0.1358643
0.1462794
0.1522206
0.1397492
0.1383321
0.1462265
0.1411238
0.1463969
0.1419629
0.1351599
0.1538021
0.141574
0.1488173
0.1465806
0.1439427
0.1496603
0.1468931
0.1473035
0.1463761
0.1343243
0.1425371
0.1418622
0.1424212
0.1379663
0.1447222
0.1465683
0.1404531
0.1332005
0.1491165
0.1431942
0.1468604
0.1353137
0.1458083
0.1525374
0.1429734
0.140089
0.1464859
0.1538172
0.1395813
0.1554441
0.1443157
0.1412825
0.1400482
0.1601501
0.1379364
0.1461806
0.1386466
0.1380878
0.1400454
0.1362824
0.1541529
0.1355083
0.1552841
0.1448046
0.1496163
0.1453075
0.1480544
0.1438972
0.1464169
0.1435014
0.1504053
0.1404628
0.1487845
0.1482078
0.1449417
0.1473715
0.1322506
0.1357518
0.1505546
0.1476031
0.139755
0.1424469
0.1375665
0.1396244
0.1455014
0.1411327
0.1413214
0.1473193
0.1382057
0.1559644
0.1516281
0.1444622
0.1456458
0.1393149
0.1350724
0.1449925
0.1523932
0.1514647
0.1475632
0.1459473
0.149069
0.1479398
0.1429116
0.154236
0.1474809
0.1371279
0.1517615
0.1473834
0.1410512
0.1453591
0.1444984
0.1398919
0.1305695
0.1472832
0.1383361
0.1501448
0.1477138
0.1491723
0.1528566
0.1440895
0.1526675
0.1518527
0.1417413
0.1383299
0.1348886
0.1397085
0.1509731
0.1382992
0.1361575
0.1489043
0.1361935
0.1488088
0.1408865
0.1439329
0.1450733
0.1463951
0.1350217
0.1415229
0.1374389
0.1447978
0.1505299
0.134544
0.1522625
0.143693
0.1503646
0.1403463
0.1471483
0.16021
0.1486781
0.1561988
0.1423835
0.1471121
0.1534785
0.1444073
0.1465284
0.1484978
0.1425324
0.1511345
0.1419509
0.1423871
0.1414366
0.1404695
0.1432851
0.1351985
0.1520357
0.1511726
0.1500438
0.1407957
0.1554063
0.1468632
0.1473506
0.1494602
0.1530517
0.1416807
0.1357998
0.1522689
0.1498424
0.1394571
0.1300844
0.1389133
0.1410948
0.1363884
0.1494482
0.1525713
0.1427661
0.134425
0.1488545
0.142979
0.1510692
0.1422671
0.1385172
0.1431895
0.1307934
0.1429616
0.1542889
0.148299
0.1439901
0.1507034
0.1444056
0.1503902
0.1381949
0.1387403
0.1497538
0.1515201
0.1406076
0.1383777
0.1430881
0.1353088
0.1496462
0.1354712
0.1387285
0.1518221
0.1430182
0.1531256
0.1340143
0.1428313
0.1380484
0.1359035
0.1422487
0.1372684
0.1605812
0.1522733
0.1464353
0.1500884
0.1402617
0.1471332
0.1421902
0.1506914
0.1474888
0.1519111
0.1508869
0.1530681
0.1377043
0.139928
0.159798
0.1513471
0.1504124
0.1394056
0.1508271
0.1480618
0.147731
0.1434607
0.1415041
0.1483722
0.1473292
0.1375001
0.1412657
0.1477309
0.1497108
0.1386735
0.1484703
0.1472017
0.1398985
0.1490402
0.1404518
0.1411648
0.1562798
0.1522841
0.1478221
0.1423971
0.1424984
0.1349114
0.1458596
0.1379746
