0.3349565
0.3556587
0.3432908
0.4339332
0.3732623
0.5969361
0.4921697
0.3953741
0.4255173
0.1892371
0.2540187
0.5725699
0.4022849
0.9903262
0.4034554
0.4791296
0.963918
0.6418389
0.214501
0.4273039
0.576564
0.5976401
1.292209
0.6679747
0.6259431
0.9867893
0.4442505
0.6080062
0.8751548
0.5774271
0.7406807
0.9157215
0.5395602
0.877054
0.4498139
0.4992237
0.4986969
0.6719447
0.9765895
1.021339
1.286492
1.242362
0.7719599
0.3153563
0.6744362
0.5668111
0.4539796
1.054816
0.8852364
2.167733
0.3916481
0.3898412
0.2565555
1.115333
0.5391032
0.4883392
0.6936798
0.4924384
0.6388296
0.4499271
0.8051052
0.7593016
1.434085
0.3544017
1.350723
0.9587955
0.4917901
1.009554
0.8604057
1.075986
1.194978
1.029341
0.822371
0.746586
0.7697915
1.569588
0.3843722
0.5047931
0.6299593
0.4714771
0.7281669
0.7307425
0.7298726
0.5018348
1.111596
1.208856
0.309411
0.8537665
0.5981053
0.7109303
1.435119
0.8911205
1.053572
0.5203597
0.5411474
0.5538577
0.5009191
1.234636
0.4984159
0.8267867
0.8063559
1.830144
1.013087
0.2587269
0.4771368
0.6254155
1.154685
0.6560235
0.7753973
0.7188957
1.145525
0.4479656
0.7067769
0.5214265
0.4624353
0.6011356
0.3446764
0.4624089
0.7340056
0.35925
0.2343856
0.3204543
0.3515807
0.4268296
0.3729676
0.3623568
0.7372626
0.4533267
0.4228616
0.8454856
0.4259303
0.9280734
0.513936
0.669623
0.8341775
0.3793891
0.4287173
0.7827944
0.9085523
0.7349643
0.5926586
0.9487841
0.7600865
0.2470185
0.5850956
0.9112089
1.427518
1.038684
0.4091731
0.4647823
1.094987
0.9257758
0.44692
0.7456154
0.5043293
0.7715828
1.622861
0.6142688
0.3087236
0.7710084
0.3847576
0.7908196
0.4099582
0.7964655
0.5379608
0.9129528
0.5687813
0.6294818
0.7046663
0.8022113
1.043984
0.5715538
1.384843
0.7822686
0.5351638
0.6842144
0.3359869
0.6918769
0.6991773
0.8253201
0.7184829
0.5988133
0.7404331
0.8863635
0.5040103
0.3349985
0.6287374
0.5327399
0.4208751
0.6574809
0.2247376
0.9496048
0.4454105
0.6404131
1.293013
1.313269
1.245473
0.5228356
0.4770765
0.4948406
0.5120036
0.4539647
0.9479122
1.185524
0.6075455
0.4275817
0.9610891
0.576956
0.8737832
0.5934521
0.5657811
0.4243504
2.396844
0.7312172
0.2768798
0.6492097
0.6348769
1.045692
1.169741
0.7338472
0.5399669
0.4469067
1.097875
1.047618
0.5442022
0.7639495
1.813412
0.7280094
0.6172279
0.9473746
0.6460941
0.8809919
0.3764552
0.5679696
1.094201
1.953622
0.6505691
0.6020024
0.556264
0.8585247
0.7427452
1.112789
0.4735048
0.530285
0.2865284
0.8334737
1.107921
0.4712197
0.3301997
0.6641758
0.5726073
0.4792298
0.6392959
1.432136
0.4393501
1.064007
0.5913668
0.7736113
0.6120864
0.7991396
0.6724417
1.26959
0.7659484
0.4753174
0.4935515
2.291309
0.5367178
1.053062
0.8276354
0.8634511
1.517717
0.3426099
1.070076
0.5772174
0.6757443
1.605413
0.655048
1.567391
0.423366
0.3368107
1.111273
1.342962
0.6022012
0.9413006
0.9815851
0.5437498
0.6860795
0.730334
0.6838364
0.8171519
0.5184452
0.2864718
0.519603
0.3918798
0.2710803
0.7505201
1.290966
0.6663586
0.448219
0.7064275
0.6033752
0.8996818
0.3501045
0.6062907
0.3797143
0.3486131
0.9631911
0.668056
0.6467814
1.428394
0.4640947
0.4927021
0.3965863
0.3270588
0.7630764
0.8739811
1.499567
0.6968454
0.8033101
2.053826
0.5583038
0.6052201
1.244014
0.4204134
0.455327
0.5384958
0.5708368
0.8364593
2.199535
0.5470696
1.216115
1.079034
0.7427574
1.181819
0.4164262
1.112147
1.349376
1.357896
0.4319248
0.6347308
0.4900009
0.7481502
0.9062266
1.014891
0.8645813
0.713447
0.7133826
1.311951
0.3894435
1.028322
0.9052275
0.5836167
0.5035512
1.185729
1.450774
0.5017112
0.838042
1.970858
1.09687
0.320022
1.38825
0.4918993
0.5341785
0.7777198
0.4705398
0.7009014
0.2580848
0.9846062
0.5247394
0.6735754
0.6064448
1.031291
0.8459446
0.4120742
0.4345583
0.653756
0.8511788
0.3849808
0.7100356
1.546443
1.487832
1.024992
0.9185057
0.755238
0.4148087
0.8923378
1.30222
0.6532191
1.274281
0.3398935
0.7069398
0.4879399
0.5921818
1.207422
0.698625
0.8307064
0.714615
1.083751
0.910809
0.8132756
0.5841158
1.748623
1.095928
0.4166525
0.6191097
0.8259689
0.6307444
0.7553911
0.6336339
0.9612385
0.8977117
0.5998917
1.192663
0.516151
0.5204675
0.5915766
1.035014
0.6078497
0.2820671
1.795116
0.3801967
0.302128
1.568588
0.5639599
0.5876103
0.3054101
0.7636461
0.3737966
0.825818
0.4837287
0.5373528
0.6052918
0.6541955
0.8693617
0.4101388
1.133291
0.5622486
0.7270976
0.8665295
0.583073
1.293713
0.5366363
0.4864039
0.5737247
1.262454
0.7256978
0.7485678
1.087742
0.6749814
1.15609
0.4854957
0.8309612
0.4354557
0.5769468
0.7870836
0.7415429
0.3682046
0.5446019
1.077538
0.7274848
1.034842
0.4984994
0.4121789
0.5889486
0.6964051
0.6593297
1.113248
1.12393
0.9616193
1.475001
0.7658086
0.4834933
1.071621
0.7636449
0.5079233
0.5100705
0.4597659
1.04462
0.5400747
1.257826
5.257437
1.139763
0.4901618
1.414748
0.529108
0.3952837
1.083418
0.5551616
0.2726067
1.066604
1.715995
2.207838
0.9314393
0.3856509
1.10212
0.3142614
1.084369
0.8946691
0.8597008
0.3845202
1.000267
0.4817018
0.5475379
0.3878731
2.06204
0.6409449
2.16789
0.3865805
0.4406662
0.3146917
0.3087015
0.8849628
0.5939272
0.2871507
0.5064929
0.2817842
0.5008692
0.5505545
0.4088325
0.6324269
0.4498634
0.5975148
0.909373
0.7181338
0.7429532
4.148053
0.6081642
1.837196
1.082317
0.4201837
0.7786107
1.114572
1.306351
0.7762282
0.7239755
1.863122
0.9217749
0.573305
0.9791068
0.879419
0.5013091
0.7201127
1.161606
0.9491741
1.110613
0.7942143
0.4361844
0.8855894
0.4398974
0.4277942
1.307398
0.8803823
0.7122829
0.7727284
0.5447758
0.3369989
0.6263555
0.3962678
0.8568962
1.422513
0.7908277
1.458549
0.412691
0.502791
0.8119269
0.7799987
0.5183916
0.9680791
0.7539536
0.6355819
0.8094264
1.093364
0.5050646
0.7407138
0.6160667
0.6437374
1.50775
1.299142
0.4936706
0.8310023
0.6965533
1.634412
0.595374
1.01954
0.6179972
0.9736432
1.044875
0.6042764
0.4475974
0.80972
0.4448205
1.488989
0.5073448
1.356202
0.8842967
0.4440637
0.9110922
0.3614356
0.512715
0.5437223
0.3789974
0.7030566
0.572145
0.4347952
0.5420041
0.4080601
1.893911
0.4950676
0.6988181
0.4882794
0.7256921
0.565806
0.6059968
0.7809846
0.681944
0.4773742
0.5840143
0.7646417
0.4340193
0.4808847
0.7263471
0.6534265
0.4258014
5.257868
0.3371375
1.272007
0.4221254
0.5376986
0.8963484
1.100747
0.7752112
0.9694807
1.170399
1.115525
0.3838595
1.068251
1.503594
0.7405041
0.4038239
0.5757346
0.716801
0.7277771
0.6339039
0.3823358
0.6734135
2.665913
0.4197041
0.5089728
0.4984865
1.29379
1.429319
0.5661698
1.006456
1.007127
0.4512728
1.477251
0.42402
0.4473498
0.4409845
0.5114507
