0.2037795
0.2605777
0.2566029
0.2772269
0.2824719
0.2792029
0.2675175
0.2704518
0.2655232
0.2464685
0.235944
0.2876767
0.2615595
0.2976982
0.2860454
0.2957669
0.2801217
0.3067269
0.3023833
0.2808669
0.2724224
0.2036306
0.2575585
0.2574893
0.253918
0.2672709
0.2776235
0.2689715
0.2391605
0.2507386
0.2540465
0.2685937
0.248014
0.2861378
0.2507164
0.2543446
0.2272808
0.273899
0.2603008
0.2649047
0.2187525
0.2429519
0.2762639
0.2284202
0.2616704
0.2811188
0.2226994
0.2475951
0.2231797
0.2149355
0.2549269
0.288638
0.2737468
0.2682879
0.2535154
0.2434875
0.2647697
0.2388329
0.2736022
0.2587284
0.2618051
0.2486121
0.2607568
0.2812573
0.2177502
0.2303948
0.2459006
0.2762417
0.2462856
0.2319173
0.2581951
0.2734658
0.2683807
0.2341949
0.2971506
0.2385682
0.2474349
0.2627564
0.2487747
0.2440533
0.2706127
0.2372767
0.2101723
0.272397
0.2423732
0.2583188
0.248668
0.2401954
0.2636609
0.2817298
0.2934851
0.252711
0.2782837
0.2569494
0.2476586
0.2298677
0.2577235
0.2713143
0.2145479
0.2663172
0.2619718
0.2584155
0.275552
0.2290167
0.2555195
0.2299002
0.2142902
0.2347276
0.2252939
0.2759907
0.2569876
0.2414822
0.2828753
0.2672577
0.2121781
0.2565815
0.2854716
0.2739748
0.2693027
0.2756581
0.2605266
0.2760614
0.2188452
0.2292659
0.2345438
0.2934501
0.2275245
0.2393361
0.2344188
0.248733
0.2718341
0.2115155
0.2600259
0.2877984
0.294671
0.2877178
0.2524248
0.2543958
0.2427807
0.2327324
0.2328319
0.2415878
0.2692934
0.2195849
0.2219355
0.2289852
0.2577546
0.2669097
0.2510815
0.2809153
0.2522243
0.2619377
0.2767515
0.2111015
0.2209526
0.25726
0.2532402
0.2493765
0.3271156
0.310867
0.2900351
0.2673853
0.2793331
0.2334631
0.2161847
0.2210082
0.2540632
0.2514414
0.2210396
0.244676
0.2727733
0.2391414
0.2447269
0.2414793
0.2155716
0.2394912
0.2596931
0.270186
0.2565468
0.2579608
0.2328881
0.2664073
0.2920161
0.2996077
0.2659827
0.3057322
0.2852874
0.2146977
0.2754931
0.2845098
0.2755656
0.2232136
0.241106
0.2512805
0.2383361
0.253744
0.2454379
0.2953138
0.2892061
0.2571106
0.2575425
0.2518844
0.2118691
0.238975
0.2342525
0.2417833
0.2439969
0.2744799
0.2448408
0.2309353
0.2631023
0.2492582
0.2576169
0.2690781
0.2808319
0.2630991
0.2991418
0.2650325
0.240229
0.264466
0.2905853
0.2447825
0.2761533
0.2523535
0.2346436
0.2182918
0.2325292
0.2242087
0.2821572
0.2844595
0.2206499
0.2921009
0.2894022
0.284738
0.3155151
0.2472137
0.2815254
0.3053559
0.2473228
0.2372278
0.2356663
0.2350107
0.2486985
0.2839226
0.245721
0.2772323
0.2607261
0.2861113
0.2909051
0.2840229
0.2576368
0.2389272
0.256742
0.2646098
0.232289
0.2299732
0.2662217
0.2290542
0.2314836
0.2389414
0.2460702
0.2694478
0.2371732
0.2599497
0.2342754
0.2693105
0.2971204
0.2578102
0.3111225
0.2307053
0.2588694
0.2588995
0.2835797
0.2763348
0.2821818
0.2720815
0.2607173
0.2462154
0.2253884
0.2724105
0.2831572
0.2653921
0.2578061
0.2221672
0.2432787
0.2713125
0.2738232
0.2910557
0.2864187
0.2902378
0.2482826
0.2713231
0.2580102
0.2882741
0.3030438
0.249306
0.2979157
0.247929
0.1977375
0.2684637
0.2827181
0.2432719
0.2547157
0.2313173
0.237228
0.2263448
0.2142992
0.2252948
0.2453663
0.2603709
0.2322809
0.2000299
0.2491913
0.2879369
0.2423243
0.2610321
0.295101
0.2533608
0.2564314
0.2481898
0.2559115
0.2444676
0.2386015
0.2522125
0.2521032
0.244932
0.2230206
0.2310875
0.2559648
0.1941142
0.2172503
0.255217
0.246214
0.2830989
0.2788043
0.2387672
0.2742668
0.2579317
0.2218616
0.2432018
0.2229502
0.2507704
0.2275306
0.234116
0.2098195
0.2227906
0.2393065
0.2222336
0.2454734
0.2510207
0.2409242
0.2413418
0.254583
0.2602729
0.2585603
0.2350974
0.2377842
0.2380162
0.2638027
0.2485631
0.264773
0.2862946
0.301002
0.277226
0.2684875
0.2859222
0.2660008
0.2350698
0.2149084
0.2344827
0.2395107
0.2388178
0.2458838
0.255993
0.2213587
0.2657505
0.2409091
0.2605554
0.2611287
0.241865
0.2677057
0.3266418
0.3085307
0.283786
0.2966241
0.2705916
0.2408339
0.2452781
0.2351413
0.2268679
0.2572626
0.2392204
0.2535486
0.281739
0.2544614
0.2531491
0.2702251
0.274229
0.2607258
0.2639481
0.2450584
0.2679899
0.2441195
0.2885235
0.2699107
0.2982468
0.2633389
0.2596021
0.2606184
0.3012656
0.2472111
0.2252844
0.2367098
0.2257342
0.2310244
0.2249493
0.2583812
0.2675911
0.222135
0.2315314
0.2478711
0.2292577
0.2562508
0.2815244
0.2305547
0.2274621
0.2096413
0.2460726
0.2414234
0.2236693
0.268959
0.2725846
0.2296183
0.2259915
0.2836839
0.2551986
0.2377147
0.2844351
0.2818474
0.2752812
0.2686133
0.2950659
0.2529866
0.2647177
0.2659877
0.2563996
0.2684129
0.2583428
0.2575309
0.2809138
0.2634057
0.2428839
0.2552125
0.218533
0.2384918
0.3133151
0.2800211
0.2819408
0.2244711
0.2617926
0.2077131
0.279269
0.2691981
0.2790282
0.2868629
0.2925739
0.2621759
0.2099112
0.2521673
0.2618513
0.2353556
0.2764635
0.303591
0.3061339
0.2706498
0.2848268
0.2846317
0.2532751
0.2170748
0.2357819
0.2343984
0.2572017
0.2371947
0.2369766
0.2560758
0.2683211
0.2598944
0.2124692
0.2731602
0.2889368
0.2527002
0.2866496
0.2601862
0.2488534
0.2448287
0.2633338
0.2707052
0.2413779
0.2370045
0.2770899
0.2371099
0.2616019
0.2486918
0.2528366
0.2782537
0.2852655
0.2601832
0.2363937
0.2510853
0.2841887
0.2740847
0.2672296
0.2664123
0.2326862
0.2395861
0.2799332
0.2358168
0.2391106
0.2548272
0.2006116
0.2603302
0.231423
0.2540505
0.2756775
0.2394901
0.2813599
0.2431021
0.2300458
0.2117754
0.25682
0.2274354
0.2214338
0.2084474
0.2391199
0.2820605
0.2281086
0.2424598
0.2795681
0.2777522
0.2672509
0.2612194
0.238785
0.2768677
0.2296674
0.2297918
0.2106941
0.2769441
0.2717161
0.2669651
0.2463625
0.2337009
0.2429072
0.2581065
0.2442411
0.2435076
0.2363399
0.2466724
0.2528231
0.2506286
0.2365951
0.2334072
0.215692
0.2191221
0.2437965
0.2667154
0.2438816
0.2751743
0.257378
0.2493908
0.2857542
0.2600117
0.2447408
0.2649932
0.2971435
0.2501138
0.2483644
0.2584081
0.2580651
0.2498702
0.2194837
0.2724576
0.2166943
0.2465896
0.2322087
0.2316355
0.1992585
0.2412969
0.3238977
0.2519174
0.238183
0.2540315
0.2618539
0.2774535
0.2718754
0.2609876
0.2329287
0.2453793
0.2467566
0.2728963
0.2653848
0.3053293
0.269326
0.2479323
0.2764229
0.2922608
0.2955604
0.2778175
0.2567925
0.2609733
0.2438449
0.2579386
0.2420299
0.2615207
0.2277089
0.234605
0.2282369
0.2663466
0.2698153
0.2736712
0.2512972
0.2585757
0.2527437
0.2227847
0.2669505
0.2119101
0.203852
0.2374595
0.2501852
0.2335723
0.2284305
0.2738399
0.2483379
0.2521792
0.2419819
0.2360253
0.2213973
0.2452484
0.2575534
0.2481534
0.2836726
0.3111272
0.2765763
0.2536712
0.2509637
0.2616745
0.2216594
0.2583266
0.2364069
0.2513945
0.2324339
0.2736891
0.2658205
0.2355252
0.2825096
0.2610684
0.2397074
0.2314713
0.209369
0.2621924
0.2343222
