0.457215
0.4292844
0.2890942
0.303681
0.3375854
0.36428
0.3032083
0.2783865
0.2939236
0.2917038
0.2733253
0.3000377
0.2247516
0.2277948
0.2265729
0.2499102
0.2466538
0.2767618
0.2264351
0.2773644
0.2864109
0.2812544
0.2650157
0.3287339
0.3123947
0.2624242
0.2877434
0.2777862
0.2482035
0.2668712
0.29778
0.2896726
0.3056114
0.2423634
0.2309933
0.2906914
0.2924778
0.2758519
0.2576582
0.2488111
0.2360845
0.2507674
0.2055838
0.2139966
0.2667347
0.2492506
0.2611984
0.2304663
0.3369154
0.2558083
0.2906701
0.2135668
0.2902814
0.2830963
0.2231692
0.1973028
0.2769996
0.2669594
0.3011658
0.2630185
0.2358637
0.2398214
0.2376953
0.2816545
0.2503412
0.2510432
0.3370155
0.3241265
0.2860629
0.3287699
0.2757369
0.2270082
0.279189
0.2107104
0.2452596
0.2532961
0.2699455
0.2467735
0.2245825
0.3045426
0.314953
0.2562588
0.2220561
0.2977151
0.2537569
0.2966167
0.2859449
0.2377802
0.2542626
0.2350187
0.1854192
0.2250168
0.2612744
0.302343
0.2687411
0.2696285
0.2585516
0.2379561
0.2697573
0.2487369
0.2598489
0.2129061
0.2614592
0.2244099
0.2489029
0.2471735
0.2225536
0.2556714
0.2679055
0.2497722
0.2270416
0.2331262
0.2625244
0.2511024
0.2262062
0.2077196
0.2208792
0.2300709
0.2457277
0.1657507
0.2944284
0.2637424
0.2714611
0.2683829
0.2731437
0.244543
0.3321981
0.2274308
0.3001996
0.2624987
0.2569673
0.283238
0.2762252
0.2676973
0.3113416
0.3051211
0.2642548
0.2634088
0.3067689
0.3058745
0.2990485
0.2289597
0.2672176
0.2208885
0.2814189
0.2482703
0.3168006
0.2450107
0.2782999
0.2648668
0.2356451
0.3153816
0.2590916
0.3105077
0.2389119
0.2227334
0.2411849
0.2184552
0.1721507
0.1866089
0.2128199
0.2702437
0.2364337
0.2553031
0.2813006
0.3455796
0.265459
0.222806
0.2062436
0.2381528
0.2648102
0.2464711
0.3020895
0.2932144
0.2874566
0.2847545
0.2905894
0.2493982
0.2753674
0.2108595
0.2309401
0.2382855
0.1984363
0.23456
0.2246714
0.1954312
0.203668
0.2373767
0.2796043
0.2986082
0.2976998
0.3278512
0.3307559
0.2699411
0.2209252
0.2737577
0.2958535
0.2819186
0.2362519
0.2267625
0.2672667
0.2559677
0.2976324
0.2961502
0.2520221
0.2658897
0.2204216
0.2324467
0.3742642
0.289232
0.3135067
0.2456528
0.2072636
0.2491715
0.2410772
0.263194
0.306496
0.2334468
0.2531131
0.2833827
0.265023
0.3093932
0.2661454
0.3135495
0.2790466
0.301454
0.2413252
0.267377
0.2233117
0.2220911
0.2441907
0.2238997
0.2137637
0.2788648
0.1887984
0.2230632
0.2435253
0.3010517
0.2740846
0.2804654
0.2541969
0.2883253
0.2955901
0.2746911
0.2745942
0.2570537
0.2531855
0.253767
0.2080476
0.2167693
0.2274771
0.2628714
0.2874874
0.2320778
0.2797367
0.2806172
0.3081064
0.28538
0.3306276
0.2649604
0.3088474
0.2853914
0.2345399
0.2516272
0.24064
0.2428117
0.2638948
0.2396056
0.24375
0.2860214
0.2503765
0.190593
0.1793717
0.2332083
0.2194484
0.2520281
0.1933319
0.252964
0.2250311
0.2241809
0.3005541
0.2408514
0.2748547
0.2573345
0.2508044
0.2812338
0.2782625
0.2419822
0.238401
0.2122667
0.2337487
0.2430163
0.2008061
0.2463146
0.2111581
0.2612612
0.2491184
0.3439509
0.276236
0.3651307
0.2592089
0.2483879
0.2507666
0.2530307
0.2865226
0.3231559
0.2896099
0.2870785
0.2622546
0.2702525
0.2996762
0.2324744
0.2605236
0.3250989
0.2645481
0.2425778
0.2334225
0.238063
0.2170985
0.2513212
0.27989
0.24007
0.2597173
0.3005045
0.2828733
0.2617749
0.3249316
0.3269337
0.2821354
0.2551943
0.2337671
0.2584466
0.2559273
0.2597474
0.3195952
0.2571323
0.2532459
0.2751608
0.2345337
0.2828737
0.2974066
0.2488075
0.2940725
0.284392
0.2756749
0.2803609
0.2758393
0.2681102
0.2927644
0.2389756
0.2073658
0.2503175
0.2360394
0.2657275
0.3376347
0.2265871
0.2541652
0.2018836
0.2459571
0.2316132
0.2878723
0.2239415
0.2734038
0.2985414
0.2640737
0.2327604
0.2468332
0.2625545
0.2223803
0.2760266
0.3024141
0.2509374
0.2575176
0.368444
0.2789405
0.3021997
0.2368134
0.2535342
0.2232524
0.2418154
0.2373444
0.273665
0.2437652
0.1639709
0.1981805
0.2787755
0.2892401
0.2850288
0.2501727
0.2488028
0.2054576
0.1848598
0.236467
0.2783318
0.2468094
0.2660467
0.2916741
0.2525301
0.2288025
0.299816
0.2779391
0.2324112
0.1926047
0.1963392
0.2568845
0.2234245
0.3258736
0.2461038
0.2312686
0.1913583
0.2751309
0.2694297
0.3149286
0.2801949
0.3101584
0.2751758
0.311774
0.3004927
0.2525372
0.2507557
0.268534
0.2781579
0.2640049
0.2517237
0.2152138
0.2794416
0.243843
0.3119249
0.3297144
0.2363052
0.2318522
0.2664873
0.248126
0.2598599
0.2643712
0.2827442
0.3016411
0.2465611
0.2690615
0.2726852
0.2284369
0.2506163
0.2616717
0.2249904
0.2430164
0.22639
0.3082355
0.2349988
0.2806722
0.1857704
0.2744403
0.2571631
0.2545832
0.2852529
0.3153122
0.2547785
0.2457697
0.2746627
0.2468123
0.309306
0.2687704
0.2186457
0.2100334
0.2616277
0.2088627
0.2488935
0.236833
0.2856825
0.2712967
0.2649336
0.2569447
0.2436615
0.1855065
0.246353
0.2599512
0.2040326
0.2624298
0.2649697
0.2575343
0.2545844
0.3125799
0.2340895
0.2415803
0.2606205
0.2764659
0.3285175
0.3250017
0.269118
0.2349471
0.2325801
0.2783606
0.2866167
0.2824617
0.2084481
0.2552193
0.2826757
0.2661403
0.2273781
0.2371302
0.3084661
0.2288
0.2846833
0.2536177
0.2353686
0.1936994
0.1931942
0.2393884
0.2579342
0.2648465
0.2751328
0.2715298
0.2303675
0.2873017
0.3143226
0.3258566
0.3200994
0.3202558
0.333595
0.3256717
0.2614769
0.2189021
0.3160134
0.2355487
0.2642783
0.2525956
0.2463473
0.2992852
0.2920447
0.3128647
0.2578847
0.2633852
0.2912727
0.2748311
0.3053385
0.3137719
0.2825746
0.312591
0.265735
0.2257889
0.2244261
0.259879
0.2518007
0.2225755
0.2401794
0.2385525
0.3647467
0.2711456
0.2617285
0.2366473
0.3172173
0.3507097
0.2909076
0.3821204
0.2713438
0.2986489
0.2614148
0.2413489
0.267769
0.2173746
0.2818272
0.3519161
0.25728
0.2661862
0.303801
0.2117298
0.254192
0.2520008
0.2925778
0.2611372
0.2333902
0.2503933
0.2855251
0.2615287
0.2377304
0.235191
0.2036965
0.2378363
0.2423761
0.2632529
0.2507717
0.2314356
0.2791982
0.3265845
0.4096321
0.3338238
0.3179431
0.2411191
0.2342199
0.2621235
0.2369842
0.2295354
0.2454103
0.2748691
0.3144638
0.2425384
0.2739269
0.2975928
0.2670903
0.2494393
0.2600475
0.3171297
0.250353
0.2806208
0.26229
0.2269132
0.2538262
0.2320735
0.231344
0.2479305
0.3053897
0.2488434
0.2863491
0.291302
0.300361
0.254438
0.246239
0.1943697
0.2495941
0.2398808
0.218406
0.275737
0.3149987
0.3118646
0.3046448
0.3213953
0.2640502
0.2773881
0.3099781
0.281517
0.2773283
0.306675
0.3816393
0.2495734
0.342125
0.3924802
0.3456949
0.2629259
0.2030607
0.2214216
0.2332482
0.2319331
0.2877788
0.2419466
0.2987546
0.2568189
0.257671
0.2928806
0.2813697
0.2511553
0.2342767
0.183248
0.2629529
0.341803
0.3293098
0.266859
0.2471399
0.2269549
0.2661116
0.2593404
0.2417634
