0.04898786
0.04869108
0.04061942
0.03117369
0.04042578
-0.01440735
-0.01165137
-0.01883598
0.01146464
0.01225761
0.04781333
0.08958701
0.1056721
0.1196552
0.1145806
0.08778388
0.06799767
0.01499203
0.01247506
0.02022272
0.0132204
-0.005432388
-0.05833981
-0.03526291
-0.05906585
-0.003781372
-0.007264764
0.0246851
0.03892865
0.06833398
0.06899716
0.073791
0.05415079
0.03984131
0.06424868
0.08356299
0.119398
0.1189571
0.0991428
0.1118939
0.1895902
0.1700856
0.1652139
0.1165931
0.1101167
0.0833033
0.04023415
0.05219149
0.0585482
0.01333875
0.03496975
0.0160326
0.04175565
0.03432519
0.02291641
0.01726934
0.01001529
0.03906925
0.004845357
-0.0330975
-0.04884627
-0.05515474
-0.03322428
-0.03430002
0.0061131
-0.006715281
-0.05748697
-0.02675593
0.02362319
0.0351483
0.07310029
0.1054106
0.1069752
0.1220569
0.1331664
0.1038856
0.1152925
0.1256257
0.152494
0.1842493
0.1436056
0.1484369
0.1456786
0.1549583
0.1514474
0.1724299
0.1499902
0.1504955
0.1502531
0.1650892
0.1471076
0.1106865
0.07665457
0.07250767
0.06279147
0.05498561
0.05134162
0.0611862
0.07530859
0.136379
0.1046449
0.1146485
0.1231231
0.1059184
0.1142212
0.09856608
0.149047
0.173347
0.1708167
0.2037245
0.2164478
0.2551056
0.2228861
0.1674069
0.1631534
0.1283687
0.1834095
0.2750965
0.272899
0.2249313
0.2168082
0.2279739
0.2215883
0.244558
0.1850503
0.1683004
0.1474516
0.1653248
0.185367
0.1599218
0.1634873
0.1941383
0.172137
0.2017097
0.2373562
0.2223392
0.2635755
0.2677539
0.271766
0.2665101
0.231947
0.2788881
0.2702458
0.2027967
0.2215407
0.1848332
0.2110609
0.1496722
0.1251458
0.162063
0.1048103
0.116
0.0838197
0.05233527
0.08949439
0.09290446
0.0833526
0.08702348
0.1121295
0.09050009
0.08220324
0.1104821
0.117552
0.1334627
0.1304828
0.1114923
0.1419283
0.08641562
0.1082629
0.132852
0.1526498
0.1179027
0.1348328
0.133924
0.1674713
0.1566782
0.15025
0.1661626
0.1284475
0.1133781
0.1074508
0.1409821
0.1873234
0.1504789
0.1744789
0.1696943
0.1759061
0.1739049
0.1708605
0.1471241
0.1304557
0.111665
0.113219
0.09603179
0.09567705
0.04700858
0.0467308
0.03569283
0.05794928
0.06005461
0.0746022
0.09596418
0.107042
0.07680002
0.1047035
0.09749921
0.07088775
0.07637977
0.02358449
-0.0002445502
0.007744178
-0.01774774
-0.02356857
0.009456686
0.008444808
-0.002855696
-0.02407287
-0.04090074
-0.002788957
0.005658084
0.01962231
0.04742495
0.02994672
0.04213342
0.06999873
0.02299014
0.01551462
-0.006657732
0.0410402
0.068432
0.02787941
0.06303679
0.008452521
0.05378221
0.03277966
0.03639078
0.003257483
-0.0453249
-0.02432652
-0.0532464
-0.06679888
-0.0248422
-0.06245785
-0.04635294
-0.03243314
-0.07646699
-0.07871983
-0.1062586
-0.08748487
-0.1054111
-0.1192088
-0.1325529
-0.09285046
-0.07571754
-0.08406403
-0.116985
-0.1162326
-0.02116771
0.02474769
0.02123343
0.01341357
0.03131681
-0.01551315
-0.02085817
-0.05023824
-0.05905413
-0.0776819
-0.0652572
-0.07911283
-0.09189198
-0.06022648
-0.0513565
-0.06220841
-0.05545095
-0.07116343
-0.0830938
-0.1030792
-0.06941236
-0.001048826
-0.008805351
0.05243735
0.05398161
0.01217314
0.0148668
0.03576139
0.05296828
0.05534734
0.02075627
0.002660678
0.05603335
0.07595475
0.0696299
0.03486025
0.01382291
0.01143289
0.02660494
0.01311465
0.04765958
0.05097212
0.07211319
0.07188312
0.06093688
0.03686995
0.05791168
0.09917034
0.1262809
0.1167815
0.1045354
0.1163586
0.1187535
0.09009936
0.0884034
0.08003322
0.06612232
0.07836371
0.05765447
0.04542879
0.08896857
0.1209445
0.113198
0.06990268
0.05328155
0.07012216
0.07530362
0.1010516
0.1045636
0.09004751
0.08847497
0.1005864
0.08115317
0.119765
0.1209149
0.115262
0.112697
0.05365486
0.06525829
0.1021248
0.09363237
0.04397593
0.0609102
0.1310204
0.1593589
0.1680033
0.1232063
0.1150242
0.1165416
0.0840109
0.08726629
0.07447228
0.09016941
0.1666015
0.1237224
0.07035357
0.04054127
0.08609796
0.04211102
0.07648647
0.05139809
0.04208216
0.06810254
0.06698615
0.06212744
0.0502381
0.01762339
0.03124579
-0.005229113
-0.03484249
-0.02184525
-0.01260044
0.01216447
-0.000901875
0.03471445
0.01570075
0.02333037
0.02312199
0.01321798
0.02072815
0.03725588
0.0281501
0.1099656
0.1005995
0.1380787
0.1436545
0.1474094
0.1361252
0.152662
0.1305013
0.1371789
0.07697533
0.08626544
0.09084498
0.1729836
0.1740282
0.1794587
0.1926102
0.1639825
0.1828277
0.1595265
0.1375245
0.08913638
0.08349772
0.1156413
0.1373682
0.1543036
0.1863588
0.1638837
0.1399369
0.148035
0.1920975
0.1640123
0.152998
0.197419
0.2270045
0.2314312
0.2678673
0.3479838
0.3242789
0.3363826
0.3019207
0.2685131
0.2696643
0.2839143
0.2690361
0.2937133
0.322206
0.3259782
0.3263533
0.3391446
0.3631285
0.3591676
0.3688964
0.3790201
0.4123299
0.3858565
0.363099
0.3563522
0.327519
0.3488644
0.3626564
0.4005108
0.4520124
0.4259857
0.4384345
0.4460238
0.4661696
0.4570988
0.4511637
0.4247295
0.4211114
0.3911934
0.4182657
0.3989907
0.4049028
0.4172253
0.3996205
0.3843019
0.3567068
0.3523582
0.3546663
0.4077829
0.4039825
0.4275616
0.3898693
0.4312871
0.4360639
0.4469734
0.4003809
0.4182109
0.3658211
0.3977772
0.3773885
0.4106971
0.4067731
0.3720444
0.4006207
0.4153703
0.4093519
0.4286557
0.4512781
0.5069132
0.4808321
0.4694137
0.4685139
0.4364747
0.3974121
0.4302205
0.4487514
0.4537159
0.5215381
0.5120636
0.5059692
0.481762
0.498557
0.4637985
0.4692414
0.4546429
0.5392725
0.5367207
0.5565922
0.5849572
0.5703295
0.5696408
0.5858299
0.5861631
0.5667284
0.5695184
0.5986673
0.5856362
0.5540431
0.5839889
0.5829314
0.5714933
0.6077111
0.6119534
0.6170898
0.6483822
0.6374482
0.626813
0.6544198
0.66775
0.6844384
0.690622
0.7580737
0.7687121
0.7623671
0.7682702
0.8240655
0.8043036
0.8142926
0.8326921
0.8463945
0.7925412
0.8323487
0.8237489
0.8275322
0.8565293
0.844243
0.8659282
0.8181571
0.827266
0.8377818
0.8724022
0.8239829
0.8220333
0.8169406
0.8027499
0.7343162
0.7747089
0.8167264
0.8043814
0.8437709
0.8474003
0.9059413
0.9520173
0.9523419
0.9516794
0.9358582
0.9156188
0.9185343
0.9564298
0.8923404
0.8812274
0.9011856
0.9237848
0.9518446
0.9619767
0.9756927
0.9665878
0.9919043
1.003559
1.020053
1.044846
1.089202
1.099583
1.101099
1.094921
1.069582
1.078227
1.101624
1.147376
1.117604
1.125827
1.125269
1.110359
1.090766
1.096401
1.158712
1.129863
1.099794
1.097807
1.074665
1.064415
1.067534
1.055346
1.060439
1.019186
1.006304
0.9672291
0.9655493
1.015502
0.9909614
0.9606567
1.015222
1.025324
1.00734
1.005487
0.9896111
0.9437204
0.991734
0.9618749
1.019511
1.067075
1.066814
1.079589
1.078408
1.077986
1.076891
1.083418
1.085419
1.089242
1.103521
1.067573
1.081308
1.021218
1.026611
1.094223
1.070861
1.070925
1.051519
1.054974
1.055051
1.07876
1.117492
1.149953
1.111088
1.149482
1.158857
1.15422
1.198369
1.217268
1.196531
1.184106
1.191329
1.203157
1.216298
1.229296
1.200465
1.159603
1.213273
1.186961
1.188357
1.17897
1.140444
1.173317
1.154147
1.152517
1.144291
1.159529
1.138645
1.103319
