0.1494445
0.1409709
0.1360215
0.1481042
0.1441919
0.1387152
0.1435848
0.141423
0.1528988
0.1408504
0.1448225
0.1509928
0.1491236
0.1493349
0.1537447
0.1427181
0.1509157
0.1486755
0.1437838
0.1453554
0.1468662
0.1464397
0.1394691
0.1473734
0.1526066
0.1536949
0.1447078
0.1400749
0.1471787
0.1379908
0.1483279
0.1442953
0.134204
0.1435233
0.1517106
0.1479501
0.1566563
0.1543102
0.1512411
0.1478005
0.1480746
0.1411608
0.1487686
0.1517956
0.1406259
0.1490423
0.1402438
0.1495437
0.1432057
0.1437251
0.1461603
0.1487038
0.138119
0.1554828
0.1433703
0.1407946
0.1314973
0.1412371
0.1381615
0.1476802
0.1383048
0.1441468
0.1385539
0.1431893
0.1468547
0.1442314
0.1409759
0.149062
0.1483678
0.1381331
0.1450283
0.1470878
0.1437383
0.1340234
0.1325279
0.1466674
0.1452069
0.1488043
0.1463684
0.1438355
0.1391472
0.1460041
0.1393347
0.1370174
0.1358999
0.1440155
0.150591
0.1480484
0.1468682
0.152766
0.1468878
0.1468292
0.1503135
0.1470978
0.1456262
0.1385211
0.1487449
0.1404975
0.1420917
0.1532607
0.1429256
0.1437106
0.1645244
0.1349631
0.1332977
0.150676
0.1484556
0.1471631
0.1596915
0.1468362
0.1444521
0.1439975
0.1531691
0.141372
0.1477367
0.1488129
0.1480947
0.1457627
0.1416293
0.140088
0.137674
0.1384488
0.1382587
0.1551883
0.1485347
0.1475785
0.1445795
0.1392577
0.1426666
0.1404375
0.1391722
0.138576
0.1506878
0.1434035
0.1495838
0.1398321
0.1401184
0.1263287
0.142946
0.1370182
0.1513434
0.1521072
0.1356921
0.1587033
0.1431002
0.1484064
0.141566
0.1449681
0.1553474
0.1443555
0.142393
0.1326193
0.1308271
0.150321
0.1342615
0.1454787
0.1493138
0.1451531
0.1329516
0.1510822
0.1385826
0.1482674
0.1517607
0.1468917
0.1353476
0.1365722
0.1478759
0.1511033
0.1440406
0.1452146
0.1432361
0.142341
0.1449026
0.1430153
0.1402003
0.1459536
0.1411752
0.1385938
0.1345381
0.1385563
0.1394438
0.1325835
0.1411524
0.1430624
0.1452538
0.1354562
0.156472
0.1407727
0.1412699
0.1422689
0.1433852
0.1488018
0.1355504
0.1409122
0.139977
0.1449228
0.1573773
0.1379797
0.1511817
0.1474016
0.1517925
0.143519
0.1465038
0.1517624
0.1419154
0.1426038
0.1405844
0.1433489
0.1400237
0.146803
0.1565132
0.1501502
0.1439056
0.1417098
0.1438821
0.1420952
0.1348096
0.1527194
0.1526545
0.1387751
0.1578483
0.142076
0.1524336
0.1473622
0.1476984
0.1437074
0.1534679
0.1487568
0.1562278
0.1374232
0.1570157
0.142897
0.1372117
0.1418865
0.1437601
0.142508
0.1531242
0.136768
0.1483678
0.1387831
0.1571373
0.1325323
0.1412093
0.1467276
0.1336379
0.1426112
0.1488907
0.1461637
0.1512613
0.1465434
0.1352103
0.1533333
0.141431
0.1508563
0.1480001
0.146293
0.1423701
0.1444832
0.1506732
0.149151
0.1565919
0.1404758
0.1377816
0.1480646
0.1339081
0.1510831
0.1487909
0.1466297
0.1430967
0.1501417
0.1436681
0.1416943
0.1441605
0.1415482
0.1459629
0.1489657
0.1480668
0.1459404
0.1481925
0.1439178
0.1477504
0.1359717
0.1520923
0.1507862
0.1354394
0.1404353
0.1466233
0.1500187
0.1500821
0.1541476
0.1433484
0.1471112
0.1336407
0.1393875
0.1381883
0.1378858
0.1447082
0.1494045
0.1599221
0.1412453
0.1445109
0.1356289
0.137166
0.1470783
0.1382017
0.1480896
0.1446819
0.1396578
0.1478505
0.1371843
0.1456073
0.146914
0.1327797
0.1378557
0.1438366
0.1430682
0.1441491
0.1469665
0.1543398
0.1428019
0.1472408
0.1566428
0.1389168
0.1535053
0.1442884
0.1351805
0.152388
0.140782
0.1451541
0.1350713
0.1478349
0.1432229
0.144122
0.1369884
0.1389359
0.1380901
0.1371425
0.147795
0.1314005
0.149205
0.1615735
0.1353316
0.150054
0.1426228
0.1476799
0.1483088
0.1493835
0.1494312
0.1464533
0.137578
0.1451155
0.1467051
0.1429154
0.1413933
0.1489885
0.1484214
0.1421735
0.1462739
0.1516685
0.1371878
0.1522608
0.1469713
0.1459972
0.1316003
0.1411638
0.145626
0.1477284
0.1415728
0.1441159
0.1398894
0.1373806
0.1574866
0.1550681
0.1488076
0.141245
0.1384865
0.1348238
0.1425853
0.1364199
0.1395447
0.1428502
0.1455693
0.1412421
0.144253
0.138976
0.1540481
0.1357786
0.1429702
0.1361078
0.1400224
0.1419933
0.143574
0.1417583
0.1593445
0.1525099
0.1457448
0.1432986
0.1513165
0.1408157
0.1473702
0.1454506
0.1442637
0.1333437
0.1455363
0.1468887
0.1362289
0.151353
0.1477608
0.1332769
0.1396668
0.1475599
0.146852
0.1468045
0.13606
0.1457713
0.1470212
0.1341202
0.1386656
0.1479419
0.1527959
0.1441332
0.1373508
0.1523884
0.1486024
0.1426595
0.1432088
0.1484008
0.1430063
0.1430424
0.1457563
0.1446193
0.1388033
0.1388615
0.1509207
0.1566281
0.1444691
0.1460457
0.1463872
0.1406345
0.1533256
0.1349595
0.1470099
0.1352687
0.1449034
0.1385348
0.1433693
0.1433926
0.137184
0.1430568
0.1434911
0.1440966
0.1411836
0.1512547
0.1501288
0.1470676
0.1499262
0.1380341
0.1487137
0.140462
0.1532557
0.1420549
0.1393493
0.1483465
0.1342905
0.1454476
0.1410482
0.1413257
0.1555233
0.1393521
0.1431677
0.1538736
0.14968
0.1442026
0.1486356
0.1459334
0.1357205
0.13874
0.1460274
0.138005
0.1476821
0.1449878
0.146325
0.1539789
0.1483697
0.1431946
0.1384247
0.1464524
0.1438726
0.1490585
0.1378147
0.1488188
0.1345874
0.145176
0.1425756
0.1434782
0.1378477
0.14251
0.1481664
0.1489084
0.1447406
0.1545438
0.1447444
0.1403685
0.145533
0.1443806
0.138261
0.1468932
0.1434187
0.138303
0.1387251
0.1508985
0.1475286
0.1435344
0.1380132
0.1379076
0.1424129
0.14459
0.1543725
0.1514149
0.1361465
0.1476214
0.1520911
0.1531587
0.1379728
0.1467672
0.1447152
0.1414637
0.1453097
0.1501805
0.1423218
0.1424925
0.1501536
0.1418688
0.1515637
0.143228
0.143826
0.1434937
0.1602944
0.1380626
0.1400609
0.1346021
0.1496605
0.1431329
0.1431056
0.1313016
0.1520843
0.1468158
0.13521
0.1487821
0.1386358
0.1482028
0.1470607
0.149508
0.1572967
0.1383371
0.1357767
0.1474952
0.1385217
0.1487504
0.1419565
0.1426403
0.1496589
0.1536599
0.145506
0.1446614
0.1458936
0.139652
0.1358713
0.1431207
0.1493781
0.1533067
0.1423962
0.1467048
0.1468848
0.1419455
0.1404741
0.1483941
0.1522941
0.142642
0.1484087
0.1433521
0.1560436
0.142395
0.1341226
0.1377051
0.154558
0.1350982
0.1445892
0.1428045
0.1437484
0.1420243
0.149169
0.1434987
0.1362086
0.1379351
0.1329586
0.1371293
0.1464544
0.1361145
0.1329008
0.1437104
0.1487969
0.1465158
0.1542322
0.132359
0.1335418
0.1376581
0.147292
0.1521828
0.143264
0.1516356
0.137635
0.1414517
0.1408215
0.145611
0.1501091
0.1509952
0.1560631
0.1445342
0.1543468
0.1426194
0.1470699
0.142042
0.1388989
0.1431748
0.1428735
0.1385576
0.1427919
0.1388972
0.1319244
0.1372952
0.1362999
0.1427795
0.1425622
0.1410866
0.1448535
0.1439027
0.1425551
0.1462911
0.1434118
0.1468252
0.144109
0.1480088
0.1473349
0.1622645
0.1487636
0.1402925
0.1401851
0.145672
0.1577352
0.1515937
0.1386401
0.1435315
0.1391903
0.1413489
0.1444384
0.1447738
0.1429578
0.1490862
0.1446745
