0.3957709
0.2955491
0.3697309
0.3602023
0.3363745
0.3183094
0.3261512
0.2909747
0.2979195
0.2918067
0.3268791
0.3434681
0.3213236
0.2499588
0.3011657
0.283797
0.3301227
0.2959199
0.2877742
0.3049093
0.3052008
0.3170386
0.2650697
0.3050423
0.2590291
0.3008793
0.3138007
0.3074686
0.2852704
0.2565808
0.2529679
0.2779772
0.2590368
0.2665993
0.2510146
0.2997775
0.2605958
0.2613592
0.2719719
0.3163992
0.278849
0.2771087
0.2935846
0.2658014
0.3100868
0.2745286
0.2870788
0.2886731
0.2741003
0.2783486
0.2416588
0.2723351
0.2924028
0.3278287
0.323504
0.2906285
0.2865782
0.3257763
0.3219914
0.287714
0.2754004
0.2764876
0.301221
0.3399991
0.3255734
0.3453416
0.2708931
0.3122039
0.2801425
0.3276586
0.2964338
0.2744852
0.3185181
0.2893416
0.2808501
0.2702295
0.2644894
0.2434221
0.254951
0.2788002
0.2829262
0.2689284
0.2808192
0.3080524
0.2961438
0.2606791
0.2948625
0.3031687
0.2725476
0.2826628
0.2901118
0.2541523
0.3095705
0.2694401
0.3021877
0.2869199
0.3311215
0.2982248
0.3053253
0.2900889
0.2911086
0.3087373
0.3107175
0.2685013
0.2901753
0.2754054
0.3122794
0.3098232
0.3188236
0.2974163
0.2759388
0.3204912
0.3434146
0.3308637
0.2955166
0.282872
0.2869853
0.2942026
0.262588
0.2934314
0.3382521
0.3189956
0.296199
0.3306938
0.3232947
0.3099963
0.2807807
0.2949148
0.3019524
0.2818109
0.2839051
0.2533135
0.311076
0.2709795
0.2809201
0.27923
0.2736442
0.2496781
0.2889614
0.2946059
0.3073724
0.3184566
0.26967
0.2827396
0.2530295
0.3100109
0.3004919
0.3068413
0.2848494
0.3207122
0.3082579
0.3006127
0.2829782
0.3036513
0.2975176
0.3094675
0.3187705
0.275766
0.2742314
0.3122486
0.2882374
0.2923114
0.2837786
0.2836035
0.3058579
0.3151862
0.3064044
0.31005
0.3079361
0.2908351
0.266351
0.2822183
0.2634977
0.2705768
0.2769709
0.2741211
0.2948882
0.2781471
0.26304
0.3016457
0.3184452
0.2899606
0.2758569
0.3071794
0.2742271
0.2790502
0.31926
0.3127125
0.25795
0.282594
0.2869468
0.2995352
0.2739006
0.3484305
0.2903897
0.3260708
0.285115
0.2684082
0.273569
0.2935075
0.2986343
0.2832081
0.273681
0.2814872
0.2819845
0.2957343
0.2772962
0.3320768
0.2492371
0.2779563
0.3010382
0.2936824
0.2999145
0.2949902
0.3012927
0.2742899
0.3051984
0.2886131
0.2903614
0.2695048
0.29741
0.2819158
0.2885582
0.3331049
0.3196605
0.2607087
0.2986702
0.3083382
0.2616939
0.2709002
0.3196206
0.2889059
0.2619209
0.2806958
0.2758202
0.2617401
0.2417563
0.2944497
0.2761135
0.3157127
0.2946385
0.2746425
0.3045739
0.3325164
0.3066187
0.3061833
0.3185116
0.3215931
0.2475631
0.2524508
0.294353
0.3085094
0.3167808
0.2909779
0.283065
0.2693564
0.2847867
0.3140424
0.2882162
0.2494404
0.2896754
0.2822375
0.2917065
0.262939
0.2663368
0.2646472
0.2824742
0.2695748
0.2780104
0.3324945
0.3113898
0.3319648
0.3399567
0.3246002
0.3155571
0.3248934
0.3054207
0.3012749
0.2763709
0.3043078
0.3162033
0.2968669
0.2890453
0.2967323
0.2981048
0.3163595
0.3333856
0.2918576
0.2641416
0.2751781
0.2964992
0.2983251
0.2784189
0.2907566
0.341963
0.3118935
0.3240031
0.2700235
0.2821701
0.3177579
0.3258386
0.2907442
0.3336625
0.3120814
0.2877123
0.2929518
0.2889013
0.308528
0.2859639
0.2962631
0.2737892
0.3070799
0.2856185
0.256297
0.2923468
0.2860456
0.2984649
0.3091823
0.2777249
0.2665844
0.2604717
0.2698788
0.2709473
0.2689563
0.2846343
0.2383259
0.2468883
0.2467352
0.2740535
0.2752335
0.2589089
0.2905916
0.240306
0.2786466
0.2600054
0.2185242
0.2620076
0.2739201
0.2864195
0.274276
0.3235782
0.2777146
0.2856104
0.285033
0.2513059
0.2937267
0.2545973
0.2590061
0.3162239
0.3005748
0.324042
0.2479166
0.2758304
0.3303451
0.3094957
0.2865679
0.2889902
0.3114841
0.2901187
0.2205648
0.2852627
0.3088787
0.3033559
0.2884375
0.2682488
0.2957621
0.3107515
0.3048403
0.3179492
0.3076297
0.2861602
0.2429267
0.2945717
0.2544753
0.2216899
0.2751494
0.2667972
0.3315827
0.3124943
0.2769279
0.2720249
0.2937705
0.2995181
0.2822567
0.2894222
0.3174635
0.2819604
0.3006135
0.3021395
0.2681426
0.2822757
0.2893048
0.2791923
0.3034131
0.2730897
0.2737802
0.2617544
0.2711131
0.3059603
0.2784608
0.3011569
0.2957144
0.3302031
0.312854
0.3168244
0.2892691
0.2822217
0.3057412
0.2699144
0.3127716
0.2741116
0.2561796
0.2777005
0.2718661
0.2873016
0.2787405
0.2999686
0.2967843
0.2832281
0.2938837
0.2916997
0.2532885
0.2713511
0.3497495
0.2868964
0.290396
0.3009043
0.261595
0.26537
0.2575527
0.2831425
0.3163055
0.2929477
0.3105739
0.3155672
0.2757931
0.2839627
0.3159787
0.3047884
0.2827825
0.3062596
0.2866312
0.3208575
0.3091104
0.2926777
0.2533267
0.2791813
0.3290641
0.2898948
0.3262388
0.3271228
0.3286302
0.26836
0.3234518
0.2336099
0.2839551
0.2728656
0.3096722
0.2560748
0.2924373
0.2687782
0.2410082
0.2452861
0.2631581
0.2353237
0.2867321
0.2538207
0.3420148
0.3271793
0.2930712
0.2889677
0.2876046
0.2424747
0.2599072
0.2570707
0.2793958
0.2701447
0.3086621
0.2790319
0.2497951
0.2608304
0.2827788
0.2608935
0.2657736
0.2892647
0.2853816
0.2850474
0.2619558
0.2532853
0.2941321
0.2861141
0.2814041
0.2683454
0.273007
0.2597671
0.2983935
0.2792265
0.2776517
0.2966176
0.3181159
0.3032759
0.3297723
0.3063954
0.2974508
0.2958713
0.2727142
0.2604346
0.2263488
0.3131003
0.2463807
0.2775881
0.2860345
0.268973
0.3136232
0.2866708
0.2708108
0.2767704
0.2784306
0.2730436
0.2639718
0.314195
0.2705959
0.2555791
0.304979
0.3110093
0.3135414
0.2867233
0.2907176
0.2726375
0.2803847
0.2979344
0.3478244
0.2988516
0.326337
0.2726789
0.2707506
0.2788867
0.290867
0.2881478
0.3265869
0.2594099
0.2510967
0.3027704
0.2925919
0.3042814
0.2737693
0.2437874
0.2771822
0.2655397
0.2393566
0.3232186
0.3000842
0.2712071
0.2487503
0.2635168
0.2930203
0.234501
0.2280599
0.2436522
0.2717268
0.3426274
0.3188624
0.3007758
0.277575
0.2697561
0.3049027
0.3043931
0.2662599
0.2724968
0.2786269
0.2973595
0.2920948
0.313744
0.2863986
0.3173074
0.2759296
0.2585452
0.2216976
0.2683748
0.2841355
0.2646915
0.2737475
0.3015431
0.2343359
0.2568948
0.2956044
0.2897657
0.2785785
0.2560603
0.2944269
0.2558714
0.2382723
0.2541604
0.2932672
0.2620322
0.2906476
0.2855255
0.2735286
0.2964262
0.2771702
0.2934278
0.2387909
0.256953
0.2455098
0.3125906
0.2406766
0.2539111
0.2848286
0.2937913
0.276551
0.2770171
0.2532539
0.2317085
0.2299183
0.2672949
0.3035393
0.2464117
0.2725447
0.2641115
0.255847
0.2711757
0.290072
0.2898766
0.2943411
0.2437966
0.2544511
0.298719
0.2563488
0.3056491
0.3022949
0.3046069
0.3087436
0.2856168
0.2536779
0.2768903
0.2438989
0.2847368
0.3147044
0.2962395
0.2874346
0.2465464
0.2699531
0.3105519
0.2727617
0.2504197
0.2730575
0.2450435
0.2897782
0.2455572
0.3049333
0.2976353
0.2481935
0.2658671
0.2721893
0.2541524
0.2928832
0.2810565
0.2933634
0.3140117
0.2829239
