0.3533859
0.1974928
0.3461229
0.396151
0.3889573
0.4373298
0.188711
0.5072365
0.2558808
0.3560892
0.4659621
0.6186897
1.137145
0.4808884
0.536799
0.4731945
0.7592077
0.6019227
0.7878572
0.9882522
0.7014017
1.992566
0.4101064
0.7225412
0.726433
0.5838822
0.8605181
0.3533122
0.4908699
0.9775106
1.038794
0.7250554
0.7935584
0.6056293
1.229317
0.4475662
0.5892766
0.5606826
1.584148
0.4927498
0.8212318
0.4341311
1.283314
0.8505763
0.6455519
0.4518595
0.3371143
1.275396
1.575409
0.6831526
1.440178
0.7095936
0.8869287
0.4290129
1.10602
0.4370706
0.8822285
0.5318462
0.6197813
0.4854923
0.8324491
0.6571738
0.8117482
0.6443591
1.738351
0.4797273
0.9073085
0.9009618
0.9607962
1.131864
1.131817
0.4733985
0.5661763
0.3251602
1.358887
0.8183831
1.022592
0.7564925
0.8690168
0.5987115
0.488808
1.469272
0.3539395
0.4372867
3.789225
1.19145
0.6253499
0.3653383
2.026269
0.6391747
0.3290826
0.3592224
0.6951329
0.5104718
0.3901861
1.194782
0.4187891
0.4484296
0.3833482
0.5845749
0.8638191
0.6641476
0.6689161
0.3551138
0.9458575
0.2413197
1.263022
0.5048542
1.00427
0.4177487
0.3417521
0.6123435
0.4212858
0.5091399
0.4964763
0.7952036
0.3496559
0.6532137
0.6249213
0.7195069
0.5927573
1.068658
2.7899
0.3511557
0.6623977
0.5042721
0.5449252
0.7833078
1.752034
0.7601618
0.9152919
0.8382089
0.6294314
0.6721421
0.8601939
0.5319751
0.4437321
0.4464491
0.4282973
1.09168
0.8591366
0.4034703
0.3494779
0.4307497
0.3534534
0.6477157
0.3394166
0.5078209
0.3071711
0.9081361
0.5317778
0.7608658
1.132466
0.6028337
0.3187743
1.568008
0.6645537
0.7350928
0.820793
0.6009466
0.6627937
0.6355634
1.859282
0.3723498
0.6765772
0.3292454
0.2238464
0.6802305
0.2262383
0.4270513
1.630072
0.7660315
0.7761341
1.248944
0.6479559
0.8629448
0.449069
0.4373706
1.330829
0.8403626
0.3957859
0.6290978
0.32061
1.293553
0.685385
1.090021
0.6028972
1.700585
0.3579468
1.302395
0.231912
0.9428209
0.6672123
0.6622358
1.129699
0.9456851
1.160366
0.8953799
0.3876111
0.6659829
0.3098805
0.3123758
0.8810614
0.3975287
1.512761
0.77372
0.5735599
0.5328813
0.7043612
1.005558
0.6462542
0.6323533
1.360093
0.5501982
0.5999827
0.682313
0.3508938
0.3177284
0.6864959
0.4399138
0.9216181
1.201857
0.9012314
0.8020598
0.5723188
0.4707065
0.5289154
1.123417
0.9117691
0.408736
0.6997988
0.4941169
0.3335009
0.2736173
0.8542951
0.5620412
0.8257466
0.9704035
0.4775849
0.414821
0.4653094
0.4476425
0.3962316
0.5513086
0.46658
0.4585419
0.2221934
0.4354003
0.337972
0.3394968
0.8985041
0.3820161
0.9287014
0.8019579
0.7838968
0.4886393
1.818053
0.5427923
0.4512479
0.784678
1.374088
0.5479632
0.97582
0.394709
1.108988
0.5404716
0.4814364
0.6155421
0.3703558
1.430829
0.3414445
0.7409645
0.9784904
0.6082481
0.4384476
0.4700264
0.3639832
0.6960628
0.459357
1.496202
0.46859
0.3910863
0.6853653
1.825736
0.4663467
2.046049
1.664135
0.3777301
1.66038
1.260309
0.8968157
1.092031
1.066371
0.7491481
0.3842522
0.7664598
0.5202658
0.4456707
0.8026647
1.144465
0.6967268
0.5447788
1.022757
0.6374889
0.8238047
1.114623
0.7321863
2.594484
0.9547163
1.195636
1.896385
0.7485259
2.547321
0.4798757
0.4584559
0.5981311
1.303734
1.026149
0.3949261
0.4893593
0.6740942
0.5813912
0.7074375
0.7536368
3.535165
0.47181
0.6468025
0.5852409
0.5129171
0.6574288
0.9297193
0.5753267
0.7421236
0.9215463
0.6061862
1.796821
0.5666136
0.5176422
0.4890443
1.157009
0.928671
1.409875
0.4554068
0.3827885
0.4975195
1.012337
1.157846
0.4532638
0.6929943
0.7298117
0.5732325
1.308556
0.6014106
0.32856
0.7912788
0.6560613
0.5366688
1.829621
1.69093
0.4460383
1.017923
0.5452948
0.9280384
0.6452734
0.7057335
0.5938224
0.4238216
1.212054
0.591886
0.7381493
0.8613748
0.6607269
2.486546
1.494442
0.5488092
2.648133
0.3208069
1.303603
0.6839424
0.5567385
0.5474409
1.091473
2.188735
0.7584667
0.7399334
0.8338118
0.4231119
0.8724902
0.4747853
0.3037831
0.8057244
0.4322934
0.8235591
0.8657158
2.011
0.888605
0.7209141
0.3634857
0.8176856
0.7576111
1.137408
2.027363
0.5194285
0.5471335
1.354298
0.5660578
1.135639
0.4572642
1.242323
0.4737693
1.400692
0.6763673
0.5177738
0.8533265
0.9603203
1.450588
1.573217
0.4822158
0.4659754
0.9555458
1.046667
1.537981
1.016878
1.060866
0.5215724
0.7075546
1.574031
1.529418
0.538853
0.8621843
0.9469546
1.463192
1.571562
0.6046258
0.6250921
0.5102505
0.8812936
0.4435156
0.8473892
0.6008355
1.030135
0.3953862
0.8614283
0.7261105
1.415267
0.5281146
1.306939
0.6684948
0.2741226
0.5767026
0.6804283
1.587778
1.107445
1.741256
0.8025303
0.6678967
0.7091467
0.8009986
0.2784309
0.4464886
0.3931834
0.541314
0.9682254
2.500774
0.7587069
0.5666069
0.2714985
0.595993
0.4259046
0.6212528
0.6852384
0.5860536
0.4773097
0.6098079
0.3607748
0.4115058
0.5673532
0.5444891
0.8284792
0.4731124
0.7556098
0.4171814
0.8100697
0.8238393
0.752514
0.9665586
0.4773565
0.3565904
0.7181594
0.496004
0.4380956
0.7205269
1.956848
0.679414
0.714405
0.4505359
0.7529602
1.115545
0.3921099
0.6809643
0.9125811
0.7832797
0.4638791
0.59776
0.5366692
0.782514
0.4212894
0.4158532
0.6278152
0.6134918
0.6699091
0.6866565
0.5351438
0.3981109
0.6100705
1.159565
1.079278
0.5759853
0.9324088
0.5465706
0.5208681
0.3074695
0.7013082
0.7376084
0.4200047
1.024539
0.4129042
0.7720974
0.8654197
0.7448205
0.7787723
0.6973584
0.5402829
1.498568
0.7682313
1.037221
0.9457888
0.802112
0.5320021
0.9736575
0.6706407
0.6129651
1.017889
0.667268
0.458693
0.5221362
0.8384118
0.5380111
0.3167708
0.3766704
0.8182954
0.6773589
0.528965
0.7047507
0.4937711
1.161713
1.059783
0.6986485
1.015242
1.158379
0.41121
0.7979547
0.4027153
0.8619264
0.393837
0.4084838
0.6631763
0.4201943
0.4312992
0.6699718
0.2007771
0.6607907
0.2787616
0.7156648
0.4217259
0.9108708
0.6742006
0.8917216
0.4102051
0.4842051
0.7163385
0.4494943
0.5091101
0.8430959
0.514389
1.026956
0.6703768
0.5019029
0.7559805
0.7745183
0.9887737
0.7380445
2.226833
0.5789441
1.037846
0.6305724
0.6356893
0.6794292
0.5724945
1.546516
0.7148276
0.429118
1.106178
0.6781256
0.8267025
0.7184076
0.8550426
0.679051
0.6398199
0.4633491
0.5041772
0.6560025
2.18787
1.24161
0.5849687
0.6511808
1.079481
1.036524
0.4527892
0.5102791
0.9104191
0.3784834
0.5105975
0.7518538
0.4793878
1.123804
0.6860427
0.6255815
0.6976785
1.054936
2.180636
0.5338464
1.096302
0.4762118
0.7524978
0.4595235
0.6780573
0.7571204
0.4138303
0.331226
0.4674587
0.6045943
0.6825819
0.5054967
0.4488046
0.7549152
0.8155433
0.4720538
0.5591833
1.721452
1.128662
0.3898366
0.4697616
0.7844879
0.4923984
1.230024
0.5691036
0.3864995
1.505519
0.3936361
