0.008011072
-0.03248726
-0.03404939
-0.07502729
-0.09137155
-0.1009177
-0.04000778
-0.06088725
0.00797193
0.04140658
0.05108328
0.06984026
0.03847651
0.09756117
0.06783036
0.09538208
0.06010832
0.02247631
0.01531131
0.0444027
-0.00794668
0.008286059
0.02802946
0.01655004
0.0201922
0.05088436
0.02418634
0.03177613
0.05445768
0.0352206
0.06000956
0.0486995
0.09818055
0.08470496
0.1382135
0.152628
0.1340068
0.1892577
0.1737164
0.1511622
0.1332076
0.1012303
0.0829664
0.06663955
0.08323341
0.08293283
0.05597374
0.04404161
0.0249889
0.06175866
0.05184007
0.08678082
0.1105458
0.14591
0.1144406
0.1395178
0.1207517
0.1020454
0.1782776
0.1911921
0.2229505
0.2304744
0.2078327
0.1785929
0.1899161
0.1667609
0.2116953
0.1983292
0.2292266
0.2061338
0.1810991
0.1568146
0.1898431
0.1811598
0.1644702
0.1597705
0.1396661
0.1494885
0.1447726
0.1653072
0.1473714
0.2167801
0.1954813
0.214818
0.235924
0.2563283
0.2638927
0.244732
0.2670297
0.2264258
0.1911121
0.1943382
0.2303271
0.2743949
0.2872993
0.2928591
0.33239
0.2846102
0.2973884
0.323969
0.2963626
0.2811777
0.3120138
0.2947674
0.2945045
0.3178429
0.3511083
0.3488595
0.3285731
0.2968158
0.2596327
0.229438
0.2416187
0.2366302
0.1996003
0.1840753
0.1645369
0.1652584
0.2236394
0.2525109
0.2382529
0.2470387
0.2681272
0.3260549
0.3184117
0.3002857
0.301592
0.2774253
0.270955
0.2928883
0.2710396
0.2757587
0.2142983
0.2131803
0.1827466
0.2045132
0.2028325
0.1568679
0.1141859
0.08229013
0.07662722
0.08498938
0.08608511
0.08840551
0.09476
0.05164857
0.08318901
0.06008913
0.02809398
0.05980572
0.06646513
0.08126772
0.08036623
0.133534
0.1412599
0.1224008
0.1032656
0.1071371
0.08460933
0.05444632
0.01226701
0.01700295
-0.01076538
0.00217657
0.002705138
-0.04570308
-0.04632636
-0.01467567
-0.05545517
-0.03556604
-0.03038253
-0.06385766
-0.07473328
-0.1039042
-0.1075642
-0.115165
-0.07307741
-0.07145929
-0.1388074
-0.1455349
-0.1523641
-0.1512715
-0.1330673
-0.1196588
-0.1255032
-0.1320042
-0.1044155
-0.1254144
-0.1514005
-0.2343871
-0.2537259
-0.2630406
-0.2545545
-0.2640691
-0.2752655
-0.2693912
-0.3089877
-0.2541126
-0.3054101
-0.3076344
-0.3374662
-0.34877
-0.3575606
-0.3786387
-0.3224712
-0.3658626
-0.3578759
-0.3539035
-0.3560488
-0.3268582
-0.3552364
-0.2993055
-0.2846544
-0.2815373
-0.2429063
-0.1957684
-0.187569
-0.2056431
-0.2082212
-0.2052169
-0.1514843
-0.1071437
-0.110163
-0.1553775
-0.1582108
-0.05540996
-0.09449722
-0.1049732
-0.06645631
-0.06904611
-0.05296505
-0.04192495
-0.005695444
-0.01988099
-0.04571704
-0.03021135
-0.04264086
-0.07265002
-0.06026055
-0.07606096
-0.1088771
-0.1101485
-0.1203642
-0.1140195
-0.1395724
-0.1459035
-0.1435646
-0.1111067
-0.1447328
-0.1367627
-0.1565283
-0.1662049
-0.1614949
-0.1435535
-0.1777648
-0.1633903
-0.1334646
-0.1636672
-0.122933
-0.123879
-0.121372
-0.09801835
-0.1026048
-0.105846
-0.1463438
-0.1197412
-0.160607
-0.1288198
-0.1719721
-0.1999145
-0.2286215
-0.214645
-0.2208597
-0.2354287
-0.2452279
-0.2218576
-0.2089676
-0.2303354
-0.2305977
-0.2310073
-0.2250206
-0.1823669
-0.1498414
-0.1510692
-0.175299
-0.146484
-0.1523054
-0.1716975
-0.1736713
-0.1600887
-0.1128964
-0.09229009
-0.08385896
-0.07584804
-0.05710954
-0.02124923
-0.01960674
-0.01088273
0.01411726
0.03422496
0.03765496
0.03351998
0.06387226
0.03756571
0.0573837
0.03961999
0.04082716
0.102141
0.07155183
0.1058625
0.1151791
0.1499395
0.2078531
0.2132807
0.1713377
0.2016615
0.2102458
0.1809228
0.1698803
0.1760937
0.1597796
0.2071321
0.1982636
0.2056157
0.2318407
0.2289521
0.2375956
0.2647691
0.2338533
0.2481233
0.2923185
0.3221392
0.3680842
0.4038221
0.3919167
0.3545837
0.3292835
0.3198074
0.335305
0.336494
0.3229317
0.3446695
0.3533375
0.3605312
0.3676566
0.3703351
0.324175
0.2988515
0.2841149
0.3183821
0.2894034
0.2858874
0.2794158
0.3150473
0.3321684
0.3483721
0.3492027
0.3377006
0.3518219
0.351067
0.4302372
0.4454732
0.4656915
0.4736955
0.4324497
0.4643102
0.4836121
0.4772331
0.4664933
0.4311273
0.439073
0.4793587
0.4610949
0.4897122
0.5343673
0.576078
0.6248197
0.596615
0.5391002
0.5675541
0.5857225
0.5996049
0.5894442
0.5445716
0.5203363
0.5360286
0.5545422
0.5239396
0.5029819
0.5041713
0.4683677
0.4637458
0.4391433
0.4270244
0.4303049
0.414528
0.4300152
0.4173299
0.3840036
0.3436327
0.3444246
0.3328343
0.3450354
0.3514312
0.3701982
0.4385901
0.4054067
0.4010441
0.3722997
0.4061831
0.453975
0.5178548
0.5234917
0.4825291
0.5012158
0.5078018
0.4840101
0.4370318
0.4202896
0.4027747
0.4168126
0.4253878
0.4547939
0.4632046
0.5110887
0.5224548
0.5408353
0.5791039
0.5872933
0.6002346
0.6067403
0.6070408
0.5408279
0.5775629
0.6308638
0.6315614
0.6302098
0.6545799
0.67769
0.6545932
0.6736868
0.6680291
0.6637352
0.7149285
0.7634966
0.7508874
0.7271033
0.6854232
0.6702626
0.6800087
0.7286098
0.7314925
0.7476003
0.7757075
0.8264397
0.7979278
0.8008895
0.811641
0.7864073
0.8131649
0.8696177
0.8843725
0.892064
0.8813253
0.8829907
0.8534254
0.8642506
0.8509618
0.8286002
0.8704295
0.8345925
0.8377871
0.8452997
0.8358695
0.8650619
0.8412253
0.8226444
0.8212717
0.8341839
0.8624802
0.8352292
0.8505046
0.879599
0.8633501
0.8909945
0.9486245
0.9614233
0.9407854
0.9767737
0.9934087
1.000246
0.9892497
1.0107
0.9812568
0.9890903
1.013751
0.9909169
1.005345
0.9373591
0.9355253
0.9125062
0.9248429
0.959926
0.9490616
0.9236243
0.8756242
0.8973559
0.8661955
0.8402109
0.8092582
0.7494159
0.7609135
0.7289655
0.6735917
0.7053206
0.7236241
0.6851156
0.7117965
0.746165
0.7229897
0.6918325
0.6913614
0.657833
0.6975044
0.7061483
0.7013475
0.70726
0.7263392
0.6803997
0.6666445
0.7027991
0.6841281
0.6914778
0.7245118
0.7300817
0.7090826
0.696757
0.7462144
0.678341
0.6137568
0.5504503
0.5273475
0.5185717
0.5937263
0.6519904
0.6614137
0.7472639
0.6917067
0.6983553
0.6796706
0.66864
0.7166571
0.7467798
0.7943714
0.7821687
0.8193498
0.8233075
0.8235601
0.807729
0.808362
0.7773441
0.7521168
0.7257238
0.7406817
0.7688665
0.7252953
0.7502261
0.7244388
0.7436909
0.7336253
0.7117987
0.7254421
0.7451832
0.7012109
0.6994274
0.685132
0.7191644
0.7349186
0.7126131
0.7127296
0.7200879
0.7320384
0.7250506
0.7567803
0.7566079
0.7097006
0.6833387
0.6908583
0.6449289
0.6171246
0.624534
0.6293025
0.6161726
0.6222002
0.6390456
0.6535273
0.6413159
0.6196204
0.5962222
0.5702125
0.5660081
0.5921535
0.5899468
0.6038671
0.5937665
0.6075935
0.6214625
0.6070825
0.6077121
0.601241
0.578476
0.5866942
0.5973333
0.5765056
0.5568638
0.5977326
0.5867457
0.6175589
0.5814814
0.5417792
0.5548487
0.5177097
0.5095036
0.5386666
0.5372602
0.4991737
0.4931044
0.4639885
0.5194944
0.5413352
0.5830084
0.5427072
0.5182789
0.5001435
0.5474771
0.598393
0.601087
0.630675
0.6432733
0.6527445
0.6386958
0.63157
0.6487053
0.6552335
0.6897058
0.6695771
0.6404798
0.6028927
0.5215499
0.5286444
0.517781
0.5436409
0.5640506
0.5198176
0.50139
0.4805938
0.5026725
0.4828187
0.4991923
0.4529154
