0.1512266
0.1510176
0.1413831
0.1333569
0.1357325
0.1434211
0.1499016
0.1414314
0.1496622
0.1486522
0.136977
0.1463924
0.1431324
0.1428149
0.1278387
0.1442788
0.1375676
0.13358
0.1470961
0.1391218
0.1398067
0.1329823
0.1510791
0.1410865
0.1341432
0.1525126
0.142903
0.1425183
0.1477997
0.1409913
0.1478299
0.1398176
0.1424343
0.141139
0.1489691
0.1366936
0.1443753
0.1454253
0.1411238
0.138628
0.1335242
0.1354485
0.1456672
0.1566864
0.1382187
0.150226
0.1366746
0.1396144
0.1440424
0.1399196
0.1369902
0.1440185
0.1626108
0.1501066
0.1468713
0.1487471
0.1478821
0.1386874
0.1406202
0.1449805
0.151218
0.1432738
0.1429856
0.149434
0.1444189
0.1465881
0.143556
0.150769
0.1352187
0.1380228
0.1326413
0.1346193
0.1458161
0.1338892
0.1536634
0.1371341
0.142645
0.1310196
0.1479377
0.1499247
0.1462752
0.1354225
0.1563335
0.1377032
0.1428256
0.1469888
0.1347391
0.1491799
0.1414913
0.1570574
0.1483864
0.1442457
0.1501897
0.1426702
0.1333421
0.1365265
0.143169
0.1383356
0.1564605
0.1467886
0.1423169
0.1454068
0.140541
0.1480194
0.1426352
0.1429161
0.1505579
0.1407614
0.1397321
0.1440969
0.1400622
0.1473742
0.1495669
0.1435438
0.1353478
0.1332983
0.1408277
0.1418952
0.1457194
0.141492
0.1362563
0.1414587
0.14663
0.1403702
0.1394582
0.1498956
0.1415862
0.1376798
0.1507202
0.1291103
0.1426203
0.1446828
0.1469444
0.1544946
0.1421735
0.143039
0.136838
0.1493375
0.1450283
0.138883
0.1408694
0.1356698
0.1495591
0.1358393
0.1376368
0.1477972
0.1356295
0.1428343
0.138387
0.1436581
0.1273576
0.1441031
0.1382092
0.1515136
0.1382723
0.1425828
0.15216
0.1335786
0.136915
0.1417298
0.1496678
0.1358111
0.1516587
0.1338262
0.1462875
0.1388864
0.138599
0.1396906
0.1464055
0.146354
0.1525365
0.1464015
0.1412097
0.1399297
0.1440509
0.1526247
0.1415208
0.1551485
0.1432675
0.1318539
0.134999
0.1391235
0.1425703
0.1376493
0.1477134
0.1476544
0.1496837
0.1489967
0.1404804
0.1355561
0.137833
0.1502326
0.1518476
0.138367
0.1351561
0.1443404
0.1370803
0.1462969
0.1464159
0.1448099
0.1387939
0.1491954
0.1408302
0.145997
0.1403367
0.1297376
0.1380162
0.1427212
0.1547063
0.1482707
0.1399534
0.1383478
0.1342709
0.1458755
0.1469784
0.1493841
0.1411183
0.1509542
0.1401679
0.148124
0.1393751
0.1377839
0.1429837
0.129812
0.1437616
0.1394711
0.1417708
0.1396586
0.1545879
0.1444
0.1485891
0.1322311
0.1370528
0.1435527
0.1374937
0.1361439
0.1486608
0.142649
0.1430325
0.1362485
0.1414529
0.1485554
0.1435723
0.139431
0.1484377
0.144526
0.1497475
0.1488185
0.1467519
0.1403245
0.1326544
0.1480771
0.1407009
0.1457852
0.1390038
0.1321432
0.1465939
0.1327962
0.1441645
0.1418524
0.1464166
0.1424922
0.1494422
0.1326869
0.1423683
0.1513422
0.1460519
0.1446484
0.14999
0.1392513
0.1376933
0.1308685
0.1506155
0.1430843
0.1485752
0.140221
0.1393023
0.140029
0.1373516
0.1442726
0.1348047
0.1412957
0.1431674
0.1388256
0.1387971
0.1526713
0.1465102
0.1436116
0.1374137
0.1315508
0.1422461
0.1484362
0.1397146
0.1373821
0.146923
0.150711
0.1422989
0.1526512
0.1571008
0.1493925
0.1488853
0.1427711
0.1521209
0.1513973
0.1423066
0.1397171
0.1410168
0.1463907
0.1473705
0.1428615
0.1440005
0.1496742
0.1294588
0.1459986
0.1502175
0.1368337
0.1420182
0.1467044
0.1454484
0.1491665
0.1423705
0.1481643
0.1413188
0.1446299
0.1451898
0.1521823
0.1405444
0.1401964
0.1433743
0.1410314
0.1459672
0.1560206
0.1406718
0.1399006
0.1419574
0.1424893
0.1482496
0.1342531
0.1352485
0.1464736
0.1353473
0.1423014
0.1504368
0.1417166
0.1477299
0.1426417
0.1454872
0.1501115
0.1474081
0.1475359
0.1515168
0.144029
0.1504544
0.1500458
0.1545612
0.1425342
0.1437874
0.144565
0.1474221
0.1510204
0.1496612
0.1403301
0.1369381
0.1461135
0.1384035
0.1394878
0.1563524
0.1421111
0.1418514
0.1472539
0.1507656
0.1495013
0.1468846
0.1455645
0.1503717
0.1443493
0.1526798
0.1449197
0.1390079
0.1438271
0.142881
0.1444242
0.1418034
0.1524398
0.1484953
0.1422815
0.1355653
0.1427112
0.1465
0.1458777
0.1512729
0.1337768
0.1541866
0.1377084
0.1485782
0.1402399
0.1462613
0.1454603
0.1524018
0.1402755
0.1442701
0.1397265
0.1388747
0.1451773
0.1431545
0.1429999
0.1577622
0.1509351
0.1525384
0.1468752
0.1414002
0.1402898
0.1465178
0.144842
0.1478273
0.1392901
0.1308687
0.13233
0.1467926
0.1486397
0.1327847
0.1436283
0.1438002
0.1493802
0.1451968
0.1445554
0.1422961
0.1416387
0.150513
0.1424349
0.1423407
0.1335471
0.1468402
0.13806
0.1394272
0.1494764
0.1496899
0.1393928
0.1354099
0.146912
0.1475332
0.1418897
0.1542338
0.1418952
0.1408087
0.1368762
0.1420684
0.1305608
0.1453475
0.1379521
0.1492388
0.1335519
0.1422768
0.1396352
0.1529729
0.1424418
0.1457
0.1309974
0.1480352
0.1362124
0.1492542
0.1509158
0.1387849
0.1432071
0.1514988
0.1472428
0.1425636
0.1451011
0.1452856
0.1443295
0.1353604
0.1444165
0.1509029
0.1410843
0.1489352
0.1394186
0.1476898
0.1435591
0.1467086
0.1521039
0.1485192
0.1389419
0.15518
0.1397771
0.1448464
0.147777
0.140679
0.14341
0.1429113
0.138964
0.1417199
0.1384173
0.1464661
0.1456665
0.1468265
0.1521184
0.1410173
0.1323286
0.1408116
0.1382241
0.1433877
0.1520219
0.140449
0.1320238
0.1446563
0.1462774
0.1528834
0.1418513
0.1396682
0.1483918
0.1496693
0.1351936
0.1348686
0.1387845
0.1426294
0.145251
0.1420906
0.1487454
0.1520377
0.1349686
0.1443054
0.1463794
0.1384022
0.145018
0.1421621
0.1434476
0.156102
0.1498276
0.1518697
0.1325818
0.1393268
0.1558392
0.1466236
0.1395615
0.1457668
0.1372292
0.1467006
0.1488662
0.1449099
0.1542143
0.1449074
0.1465267
0.145901
0.1376239
0.1461201
0.1422836
0.1486514
0.1481837
0.1512955
0.1459199
0.1436879
0.1409497
0.1497204
0.1476774
0.1330453
0.1437831
0.144281
0.145865
0.1401623
0.1393324
0.1434285
0.1341577
0.1339434
0.1391216
0.1447617
0.1422188
0.1342687
0.1480561
0.1428845
0.1556733
0.1474937
0.1474304
0.1369723
0.1425057
0.1466472
0.1396283
0.13316
0.1401178
0.1403265
0.1345258
0.1424129
0.1580632
0.1409101
0.1441525
0.15176
0.1477852
0.1460151
0.14377
0.1588
0.1333633
0.1355958
0.1486487
0.1514199
0.1358167
0.1512377
0.144688
0.140413
0.1413432
0.1354226
0.1543131
0.1419128
0.1512187
0.1439268
0.1456612
0.1434198
0.1367805
0.1596284
0.1461128
0.1367213
0.1497643
0.1492992
0.1482978
0.1402542
0.1322402
0.1565447
0.142351
0.1454106
0.1402491
0.1360161
0.1428981
0.1459785
0.1476395
0.1547262
0.1452472
0.1397877
0.1346743
0.1423494
0.1405577
0.1363885
0.1352136
0.1427693
0.1389979
0.143031
0.1433917
0.1493107
0.1377419
0.1465927
0.1489097
0.1352978
0.1422939
0.1546484
0.1451345
0.1392607
0.1346488
0.1526393
0.1411359
0.1361211
0.1462406
0.138056
0.1461656
0.1434338
0.1568345
0.1375113
0.141213
0.1493798
0.1392037
0.1418813
0.1287453
0.1401413
0.1439286
