0.4577677
0.3258652
0.2930867
0.4265204
0.3341613
0.2108079
0.3307725
0.3021334
0.2525177
0.6795953
0.3922417
0.5301865
0.4572009
0.3822231
0.4435273
0.2967067
0.2541727
0.1636069
0.2778944
0.4751892
0.3233552
0.4982268
0.5395014
0.4797177
0.3356037
0.3882971
0.3806892
0.6214106
0.3240836
0.699843
0.4206201
0.5936545
0.2906418
0.496452
0.3913476
0.3994602
1.123836
0.557427
0.4063209
0.3414148
0.612899
0.5530797
0.5723286
1.189506
0.8930812
0.7170241
0.5359945
0.4997516
0.8023617
0.6392093
0.7498768
0.8470875
0.6226877
0.6505184
0.5283694
0.4151335
1.748812
0.818707
0.9180725
0.6090242
0.5405288
0.6900183
0.6339695
0.6755006
0.5120734
1.825403
1.016785
0.5077719
0.4701958
0.7421267
0.4318353
0.4384505
0.7909447
0.4583836
0.6770899
0.3950503
0.380568
0.852992
1.373113
0.6450135
0.865455
0.3964562
0.5026156
0.7607119
0.4007646
1.094009
0.3675907
0.5526975
1.278446
0.9536838
2.201833
0.3646124
1.575605
0.5980873
0.5329118
1.232222
0.8875578
0.5023784
0.91547
0.4916409
1.556075
0.5960805
0.5394134
0.265332
0.5439872
0.5021938
1.56009
0.9553096
0.4554621
1.788534
0.5260797
1.257106
0.4842754
0.78788
0.9728265
1.249713
0.683936
1.064365
0.6498896
0.4665123
0.5193116
0.9019097
0.646984
0.6435827
0.5099985
0.6020618
0.75784
1.089502
0.7318249
0.8270613
0.629871
0.4810413
1.332281
0.6158498
1.09311
1.824137
1.201624
1.154784
0.7002932
0.3264889
0.787856
0.4393964
0.8605761
0.4220497
0.3856998
0.4400841
0.5356385
1.166156
0.9021732
0.5144116
1.070443
0.9124721
1.299294
0.7469744
0.4882287
0.8418131
0.2383107
0.4611357
1.071233
1.011292
0.5089308
0.4136845
0.4035298
0.8007772
0.6631766
1.212691
1.22477
0.579744
0.3825395
0.5743219
0.6051719
0.4786755
0.9085722
0.752492
0.4389742
0.6395388
0.4929659
0.4852659
0.5607018
0.402142
0.5296511
0.5630672
0.8079571
0.8243425
0.6357575
0.864061
0.8520551
0.8854462
0.5579418
0.533354
2.005116
0.391101
1.698438
0.7749722
0.5013937
0.7061648
1.047721
1.517592
0.9536132
0.8825747
0.3759055
0.9102301
0.4616479
0.8601546
0.6777452
0.7650944
0.5643542
1.053614
1.031046
0.4296054
0.4506457
0.6788538
0.6713516
0.8728967
0.4359003
0.5767041
0.5831596
0.8715735
0.3937425
0.7232261
0.6014545
1.506387
0.6790178
0.5590732
0.3729296
0.7396299
0.5201716
0.6383331
0.8566765
0.9385808
0.4595004
0.4059256
0.3760517
0.7811729
0.4148253
0.403456
1.089254
1.023736
0.4293402
0.5185673
0.8980063
0.7431318
1.139017
1.265543
0.530565
0.5916847
1.177163
0.8133971
0.5568213
0.8432236
0.8198371
2.255605
0.8291913
0.4965294
0.5661518
1.166989
0.4266706
1.015359
0.5968762
0.8669384
1.044744
0.727529
0.7307273
0.4478404
0.6590477
0.6762146
1.272992
0.5854773
0.4568706
0.3121673
0.6510811
0.6102335
0.994168
1.994716
0.488468
0.9279434
0.5947416
0.4587534
1.061178
0.7432025
0.3755229
0.3324409
1.224623
0.8291097
0.7777158
0.5579927
0.8193782
0.4764914
0.5460823
0.883352
0.5788466
0.652651
0.9267442
0.5289245
1.312122
0.3303763
1.03557
0.6409411
0.5079492
0.3940237
1.300096
0.3827176
0.6775958
0.6190342
0.4657318
0.5001846
0.7907692
2.841689
0.4526276
1.050488
0.5008812
0.7185446
0.3324025
0.710875
0.6549298
0.3247301
0.7831984
0.6045767
0.4639494
0.5737638
0.6798623
0.6524958
0.4895102
0.5822934
0.7039773
0.4979836
0.388043
0.5646688
0.9886792
1.530488
0.8095526
1.215611
0.7050777
0.5949833
0.8060886
0.5672695
0.9960972
0.7198355
1.054983
1.779357
0.7199116
0.8321846
1.246248
0.8352525
0.5692142
0.6345779
0.5950994
0.2894167
0.6292163
1.232352
0.5020495
0.8236626
0.5321252
0.9685475
0.8564492
0.2990047
1.762314
0.6543753
0.4203514
0.896522
1.003799
0.8507714
1.950415
1.173058
0.9932204
0.9113328
0.2248581
0.5922719
1.289797
0.3614781
0.6331041
0.9907131
0.3319497
0.4287895
0.6391017
0.9944522
0.8238782
0.992621
1.008981
1.014659
0.6265914
1.129288
1.266601
0.3548341
1.028836
1.481839
0.3915605
0.6715278
0.9149142
0.5979758
1.719308
0.5003027
0.6892059
0.3226801
0.8284209
0.9387425
0.6951599
0.8449695
0.6257531
0.7303799
0.6492583
0.6107653
0.5541412
0.803387
0.5273211
1.077757
0.7739727
0.3514843
0.5382377
0.7463722
0.5526513
1.742554
0.5199197
0.5149383
0.5266724
0.5741629
0.8464463
2.518198
0.4483908
0.5962103
1.940939
0.5358292
0.7307538
0.3930895
0.539635
0.8605062
1.580992
1.117236
0.7026648
1.677037
0.334588
0.6689292
1.47717
0.631198
0.3028579
0.8886632
1.49159
0.5096813
1.28373
1.81093
0.4685525
0.4812028
3.109698
0.6735866
0.5934025
0.3728438
0.4088281
0.6135989
0.5596227
0.4118907
0.8490714
2.015828
0.7585878
0.9319308
0.6036606
0.284299
0.3146993
0.4417805
0.4707815
0.4028488
0.4599608
0.4870579
0.8833636
0.5098252
1.382711
0.6580118
1.209068
0.6781895
0.7828164
0.8132142
1.133698
1.106927
0.3751934
0.526979
1.283174
0.6646783
1.117507
0.6358667
0.4491901
0.3152748
0.7751274
0.304514
0.4787948
0.8387653
1.180052
0.4522073
1.427246
0.8200323
0.837882
0.4555786
0.4582748
0.5818633
0.4884583
0.7306545
0.3681329
0.382568
0.9452109
0.4676793
0.6391879
0.9093056
1.009011
0.5177693
0.5085526
2.144631
0.5405951
0.5288597
0.4994965
0.5870044
0.5089243
0.4501657
0.4834135
0.3323573
0.6375176
0.8407865
0.6283056
0.5026068
0.6418218
0.8106477
0.8522996
0.4887274
0.9805693
1.009924
0.7993545
0.4387167
0.6267796
0.5108479
0.3551651
0.454703
0.6820209
0.5235801
0.8896758
0.3746153
0.8812481
0.3074669
0.8723214
0.8396113
0.578688
0.6929158
0.3692532
0.2345545
0.8982152
0.9324714
0.4480049
0.406925
0.6579054
0.2956425
1.167641
0.6243916
0.440955
0.3573184
0.607186
0.6460977
0.7273136
0.5485712
0.5789468
1.100658
0.7349789
0.8555872
2.366221
1.101431
0.5801179
0.5225173
0.6633987
0.4026408
0.7593264
1.218895
0.6426356
0.4691871
0.4023148
0.8917743
0.5771151
0.4989809
0.5649717
0.3138502
0.2886727
0.8808705
0.3732744
0.5954118
1.050905
0.6761368
1.044794
1.146836
1.130943
1.096834
0.9493091
0.4532447
1.018
0.6527531
0.8240638
1.436157
0.7118437
0.7854649
0.4658406
0.9401337
1.296253
2.851356
0.7318556
0.7171219
0.4203704
0.9190518
0.3745885
0.5594702
1.511332
0.6562381
0.4893358
1.717818
0.4699941
0.7359141
0.6273841
0.4747969
0.6135623
0.8868481
0.8421559
0.9379406
1.089959
1.969524
0.4387165
0.3479197
0.3927989
0.3037813
0.3826211
0.8366353
0.5657576
0.6525496
0.8504852
0.370136
0.7084311
0.5762193
0.8586733
1.386324
0.554514
0.4489171
0.5423948
1.176958
0.7787521
0.5654526
0.4199891
0.7474965
0.4944584
0.5961516
0.4998979
0.4257141
0.7374018
0.7104871
0.5065165
0.8329537
0.6655033
0.3576691
0.8520379
0.8025388
0.4618172
0.4272664
0.716673
1.050859
0.446815
0.3631182
0.7125944
0.8448307
1.252278
0.6530611
