probIn scale
0.4809625 0.0003236258
0.4928748 0.0003169785
0.5124934 0.0003156422
0.5031609 0.0003116217
0.476379 0.0003174369
0.5009877 0.0003123008
0.5042209 0.0003141282
0.4767977 0.0003147938
0.4628441 0.0003280215
0.4567343 0.0003197571
0.4712328 0.0003002983
0.5018029 0.000304287
0.522478 0.0003034071
0.5308867 0.0003031971
0.5383168 0.0003127764
0.5359121 0.0002974445
0.5249714 0.000309805
0.5004282 0.0003033019
0.4828544 0.0002881603
0.4823315 0.0002975549
0.5185788 0.0002758399
0.5158732 0.0002799232
0.5176808 0.000288474
0.5367567 0.0002928612
0.5324746 0.0002972693
0.5140821 0.0002923616
0.5104501 0.0002941479
0.523845 0.0002879644
0.5162147 0.0002743967
0.5127797 0.0002703417
0.518529 0.0002732772
0.5051004 0.0002585289
0.5279932 0.0002592044
0.5083899 0.0002518478
0.5139155 0.0002557718
0.4960013 0.0002521851
0.5108271 0.0002581054
0.5364063 0.0002619246
0.5256703 0.0002590809
0.5141995 0.00024813
0.5054404 0.0002576114
0.4977451 0.000262881
0.5301771 0.0002591144
0.5438485 0.0002540373
0.5603645 0.0002541277
0.5914059 0.00024994
0.5677146 0.0002512422
0.5526262 0.0002458078
0.538773 0.0002432753
0.5322054 0.0002492205
0.5429382 0.0002539357
0.5510847 0.0002581394
0.5453677 0.0002612979
0.5462502 0.000265429
0.5785192 0.0002579688
0.54255 0.0002635266
0.5447704 0.0002652289
0.5378245 0.0002712115
0.5156613 0.0002720934
0.5181438 0.0002601221
0.4926619 0.0002583213
0.4471298 0.0002503051
0.457963 0.0002480519
0.4866902 0.0002333267
0.481258 0.0002352137
0.5083838 0.0002360245
0.4535514 0.0002402372
0.4151457 0.0002326095
0.4227311 0.0002329894
0.4060074 0.0002279421
0.4280384 0.0002136582
0.4565354 0.0002071762
0.4571949 0.0002064903
0.4427827 0.0002017228
0.4751372 0.0001926427
0.4950952 0.0001943124
0.5433668 0.000190088
0.4947498 0.0001762456
0.5310733 0.0001834308
0.5370094 0.0001855965
0.4921954 0.0001859328
0.4684684 0.0001837886
0.4474736 0.0001801025
0.4692259 0.0001720616
0.4627549 0.0001696188
0.4653583 0.0001728221
0.4356759 0.0001727173
0.3941936 0.0001705892
0.4408067 0.0001805701
0.4521382 0.0001859842
0.5086802 0.0001951207
0.5365627 0.0001944513
0.5336237 0.0001911778
0.5336876 0.0001877405
0.515543 0.0001914304
0.513981 0.0001942773
0.5066513 0.0001988158
0.4885733 0.0001994693
0.5247613 0.0002000314
0.5005497 0.0001874627
0.5181581 0.0001827422
0.5201819 0.0001782309
0.5521172 0.0001841576
0.5730016 0.0001820886
0.5837253 0.0001809862
0.5633575 0.000183311
0.5584634 0.0001754699
0.545766 0.0001829502
0.5225788 0.0001848723
0.4871535 0.0001806901
0.4830028 0.0001797281
0.484939 0.0001892074
0.5056387 0.0001838792
0.4785844 0.0001794074
0.5008216 0.0001730508
0.4923974 0.0001699803
0.472061 0.0001647013
0.4846124 0.000160297
0.4767785 0.0001540644
0.4559317 0.0001523423
0.435887 0.0001544481
0.4537689 0.0001512869
0.477157 0.0001577726
0.4638973 0.0001626911
0.4664936 0.0001674026
0.4708136 0.000164686
0.4686696 0.000166836
0.4450919 0.0001666339
0.4548793 0.0001626093
0.459417 0.0001658352
0.453638 0.0001669596
0.4367759 0.0001635972
0.4759999 0.0001625022
0.4830112 0.000164764
0.4652822 0.0001606903
0.4707573 0.0001567862
0.4694997 0.0001538989
0.4727508 0.0001560927
0.4639961 0.0001554083
0.4775213 0.0001583494
0.4778429 0.0001583313
0.4802946 0.0001618106
0.5380529 0.0001604679
0.5171967 0.0001642861
0.5324045 0.0001610797
0.5660829 0.0001623753
0.5412752 0.000161128
0.5237627 0.0001557947
0.5106493 0.0001607519
0.5078605 0.0001630092
0.522404 0.000162809
0.4753398 0.0001660017
0.4757067 0.0001600606
0.5177283 0.0001650801
0.565616 0.0001677571
0.58115 0.0001708286
0.5893787 0.0001817121
0.5688486 0.000185347
0.5195999 0.0001897692
0.4824324 0.0002065064
0.4736053 0.0001947365
0.4504316 0.0001999953
0.4786441 0.0002109036
0.4953937 0.0002095794
0.4889283 0.0002077875
0.4897688 0.000211104
0.4863661 0.0001985914
0.4333051 0.0001941029
0.4277926 0.0001946693
0.4569535 0.0002000559
0.4741531 0.0002051626
0.4600864 0.0002042262
0.5051839 0.0002017843
0.4636557 0.000207635
0.4299789 0.0002141425
0.4166913 0.0002215991
0.4085191 0.0002242057
0.3927629 0.0002242799
0.4026399 0.0002383729
0.4201369 0.0002414341
0.4172358 0.0002473409
0.4126702 0.0002465756
0.4354735 0.0002463975
0.4311252 0.0002436152
0.4330463 0.0002377783
0.423585 0.0002413003
0.4057895 0.0002368128
0.3789127 0.000234
0.3943444 0.0002432996
0.4012794 0.0002368851
0.4434737 0.0002368915
0.4246552 0.0002382167
0.3983808 0.0002344952
0.4067402 0.0002420871
0.3730894 0.000244538
0.404203 0.0002471411
0.4459785 0.000237646
0.4646414 0.0002347288
0.4252165 0.0002255926
0.428864 0.0002304111
0.4485698 0.0002299169
0.4259462 0.0002338796
0.407574 0.0002384889
0.4328163 0.0002320052
0.4418935 0.0002331053
0.451916 0.0002351095
0.4475363 0.0002381797
0.4813574 0.0002360702
0.5072574 0.0002321973
0.5228831 0.0002195534
0.5594804 0.0002255957
0.532864 0.0002279286
0.5243384 0.0002307956
0.513442 0.0002358863
0.4878738 0.0002440035
0.4973271 0.0002492629
0.475364 0.0002472783
0.4699858 0.0002376137
0.4556181 0.00024349
0.4637074 0.0002514958
0.420616 0.0002472171
0.4067586 0.0002404146
0.4285625 0.0002326936
0.445278 0.0002358455
0.4611958 0.0002225098
0.4642753 0.0002273332
0.4547288 0.0002256935
0.4640183 0.0002156121
0.4456049 0.0002170996
0.4094933 0.0002102191
0.406119 0.000207301
0.4067988 0.0002056268
0.4075597 0.0002050205
0.4345392 0.0002112522
0.4298668 0.0002103603
0.435551 0.0002017005
0.4050576 0.0002080469
0.3953514 0.0002043542
0.3987016 0.0002206611
0.3898056 0.0002106128
0.3790864 0.0002121079
0.3727402 0.0002138863
0.3668382 0.0002097412
0.3929237 0.0002197114
0.4046566 0.0002145064
0.4189673 0.0002162348
0.4225298 0.0002194358
0.4457187 0.0002264886
0.4207041 0.0002174876
0.3940774 0.0002270113
0.4273482 0.0002261713
0.4249397 0.0002336464
0.4614144 0.0002248026
0.452917 0.0002246641
0.4233879 0.0002237127
0.4156296 0.0002372962
0.4431494 0.0002462319
0.4435699 0.0002539966
0.4282728 0.0002490778
0.447681 0.0002409124
0.4175024 0.00025292
0.4078289 0.0002439496
0.3819577 0.0002470279
0.3728326 0.0002548258
0.3941762 0.0002662643
0.391332 0.0002673208
0.3775813 0.0002689133
0.3771846 0.000266931
0.3797896 0.0002685699
0.3754363 0.0002654006
0.3713808 0.0002756584
0.3609802 0.0002810856
0.3319175 0.000279665
0.2998867 0.0002785439
0.3493532 0.0002827741
0.3398193 0.0002665928
0.3124804 0.0002670829
0.3427995 0.0002673337
0.3683258 0.0002670532
0.3666105 0.0002759521
0.3195275 0.0002967272
0.308851 0.0003000728
0.2854097 0.0002894737
0.2879627 0.0002908294
0.2921442 0.000285635
0.3068678 0.0002967404
0.3007556 0.0003012688
0.3305549 0.0002990895
0.3423258 0.000288538
0.344243 0.0002963868
0.3309221 0.0002971714
0.3736158 0.0002913039
0.3913929 0.0002822044
0.4065498 0.0002723433
0.4119896 0.0002730882
0.3825657 0.0002615387
0.3730761 0.0002689954
0.3823561 0.0002745582
0.3614196 0.00026952
0.3606308 0.0002680379
0.3521986 0.0002534275
0.3559359 0.000253499
0.3629569 0.0002572205
0.3335439 0.0002593807
0.3204535 0.0002484929
0.3344785 0.0002514548
0.3135546 0.0002393604
0.3315749 0.0002419682
0.3533099 0.00024347
0.3763465 0.0002460065
0.329971 0.0002606273
0.3502058 0.0002531908
0.3651343 0.0002627487
0.3618695 0.0002623372
0.3138562 0.0002694117
0.2921866 0.0002662086
0.2772809 0.0002768035
0.2503386 0.0002765321
0.2301546 0.0002768752
0.2151117 0.0002855113
0.2256519 0.0002796408
0.2697064 0.0002822726
0.3181545 0.0002745609
0.2894395 0.0002678272
0.3044652 0.0002515583
0.3084815 0.0002540973
0.3084087 0.0002455107
0.3102811 0.0002549726
0.3437375 0.0002512894
0.3519303 0.0002617324
0.3178815 0.0002659376
0.2923501 0.0002552927
0.2851274 0.0002525933
0.2929738 0.0002504638
0.2992857 0.0002422159
0.3080066 0.0002510985
0.3265305 0.0002440725
0.3374807 0.0002418341
0.3297974 0.0002435692
0.3148643 0.0002484908
0.3044783 0.0002647455
0.2927613 0.0002564042
0.3058223 0.0002541833
0.3294981 0.0002765295
0.3195847 0.0002769017
0.3344933 0.0002712566
0.3611901 0.0002829335
0.3739738 0.0002935144
0.3753031 0.0002993843
0.3674144 0.0003043596
0.372198 0.0002938235
0.3888269 0.0003101582
0.364827 0.0003173533
0.3928107 0.0003121985
0.3958926 0.0003239525
0.3811899 0.0003252978
0.3562982 0.0003337549
0.3815197 0.0003326093
0.3801298 0.0003183703
0.4095802 0.000307528
0.3980788 0.0002989633
0.4415424 0.0002881523
0.4196304 0.0002964239
0.4249912 0.0003099212
0.4233422 0.0003182054
0.43268 0.0003168814
0.4130431 0.0003083677
0.398522 0.00033512
0.3849434 0.0003322556
0.3757222 0.0003513729
0.3527967 0.000334497
0.3626407 0.0003423444
0.3580874 0.0003449074
0.3559142 0.0003605625
0.3640371 0.0003679325
0.3584386 0.0003490196
0.3931567 0.0003490169
0.389978 0.0003446084
0.3773371 0.0003438896
0.3851238 0.0003473733
0.3817704 0.0003461345
0.3568525 0.0003342848
0.3701805 0.0003362329
0.3826921 0.0003454781
0.3638159 0.0003328111
0.3419086 0.000327884
0.3811234 0.0003380145
0.3605071 0.0003369055
0.3644841 0.0003235681
0.3769927 0.0003278032
0.3457381 0.0003256537
0.3249262 0.0003256007
0.3009513 0.0003419934
0.3435508 0.0003429602
0.3494223 0.0003585407
0.3492033 0.0003810563
0.3273143 0.0003972915
0.3652806 0.0003933265
0.3890524 0.0003996466
0.3999736 0.0004010528
0.4032363 0.0004124835
0.4161692 0.0004152732
0.3985195 0.0004074316
0.395119 0.0004001046
0.4025868 0.0003962023
0.3948261 0.0003990285
0.4380087 0.0003882618
0.4344129 0.000368081
0.4469483 0.0003527489
0.4171758 0.0003494283
0.4086475 0.0003575154
0.4270582 0.0003549043
0.4085505 0.0003529825
0.3837245 0.0003589695
0.3658459 0.0003736176
0.3747 0.0003739955
0.3428272 0.0003919522
0.3309949 0.0003748732
0.3121892 0.000386363
0.2989899 0.0003997707
0.273666 0.0003987973
0.2868516 0.0003963737
0.2745065 0.0004012665
0.2796018 0.000401843
0.2968603 0.0003988905
0.2807134 0.0003993713
0.2904552 0.0004113264
0.2798372 0.0004110773
0.2761943 0.0004248888
0.2893912 0.0004370384
0.2978155 0.0004208028
0.328374 0.0004057171
0.3097005 0.0004068583
0.2935837 0.0004062195
0.3234054 0.0003939348
0.3289787 0.0003916185
0.3526073 0.0003993099
0.327865 0.0004036893
0.3310622 0.0003968642
0.2949339 0.0003961647
0.2794387 0.0003955822
0.2627915 0.0003939095
0.2600313 0.0003785798
0.2385291 0.0004003279
0.2233493 0.0003908579
0.2377493 0.0004104713
0.219444 0.0004014922
0.2247656 0.0003976262
0.2550719 0.0004079057
0.2397769 0.0004187914
0.2274154 0.0004412818
0.2296427 0.0004522532
0.2540625 0.0004271362
0.2638583 0.0004041138
0.2491467 0.0004236526
0.2450962 0.0004303297
0.2601583 0.0004304727
0.2641526 0.0004211311
0.2551082 0.0004175415
0.2701608 0.0004169665
0.2803725 0.0004292766
0.2965965 0.0004450129
0.2965777 0.0004483385
0.3044821 0.0004356735
0.3275962 0.0004276925
0.3147157 0.0004246569
0.296352 0.0004304411
0.2798683 0.0004206034
0.2960912 0.0004387677
0.3114821 0.0004395599
0.34435 0.0004418666
0.3808982 0.0004331077
0.4070174 0.0004325464
0.4141932 0.0004464015
0.3936732 0.0004330435
0.3903876 0.0004399864
0.3841201 0.0004441607
0.4115203 0.0004267622
0.3839247 0.0004214023
0.4086973 0.0004202297
0.3981278 0.0004161897
0.4212144 0.0004268795
0.4001433 0.0004312947
0.3847043 0.0004436552
0.4122881 0.0004477412
0.405699 0.0004491638
0.436558 0.0004289313
0.4796586 0.000432862
0.4620587 0.000438003
0.4757872 0.0004591019
0.4687009 0.0004846934
0.503827 0.0004760123
0.5112278 0.0004611355
0.5088714 0.000460741
0.5040137 0.0004427425
0.5291182 0.0004380677
0.5147755 0.0004205504
0.4887214 0.0004090979
0.4876424 0.0004344979
0.509673 0.0004233413
0.5241426 0.0004187054
0.5351594 0.0004052648
0.5489802 0.0003944631
0.536947 0.0003830164
0.5158157 0.0003864479
0.5139829 0.000374996
0.4951419 0.0003746315
0.4573519 0.0003806159
0.4675718 0.0003902862
0.4813098 0.0003911234
0.4658447 0.0003892417
0.4735461 0.000389636
0.4825126 0.0003750243
0.4741159 0.00036319
0.4876346 0.0003633279
0.4818243 0.0003592463
0.4676727 0.0003587839
0.437465 0.0003791797
0.4560182 0.0003774907
0.4870412 0.0003923217
0.5041293 0.0003813317
0.4974055 0.0003876905
0.4972626 0.0003670893
0.4872488 0.0003561496
0.4925496 0.0003496101
0.4733336 0.0003552823
0.4748354 0.0003435858
0.4824204 0.0003546996
0.4417789 0.0003470477
0.4530568 0.0003399362
0.4497225 0.000327854
0.4614212 0.000335062
0.4516557 0.0003340841
0.4545503 0.0003229579
0.4568606 0.0003151373
0.4653224 0.0003182482
0.4772732 0.000312424
0.4627277 0.0003044351
0.4620329 0.0002969073
0.4250794 0.0002964443
0.4043459 0.0003024508
0.382769 0.0002993592
0.3768523 0.0003008728
0.3826467 0.0003106378
0.3979791 0.0002945988
0.370592 0.0002963316
0.3343804 0.000289063
0.3480166 0.0002872744
0.3574745 0.0002828957
0.3896092 0.0002783045
0.412538 0.0002723904
0.4041315 0.0002909027
0.4348348 0.0002907514
0.4388867 0.000273867
0.4523573 0.0002731581
0.4461613 0.0002642748
0.4381803 0.0002680883
0.4310142 0.0002732533
0.4248673 0.0002694894
0.4113296 0.0002606876
0.4204873 0.0002683278
0.4279812 0.0002766261
0.4403216 0.0002635783
0.4184342 0.0002648328
0.4386253 0.0002723158
0.4406822 0.0002713801
0.4524744 0.000283381
0.4301787 0.0002870822
0.4229327 0.0002917467
0.4276617 0.0002903538
0.448941 0.0002795734
0.4290146 0.000279579
0.4054731 0.000270839
0.3925936 0.0002795111
0.3956308 0.0002893508
0.3730453 0.0002851077
0.3635908 0.0002828836
0.3557325 0.0002624222
0.3562014 0.0002544978
0.3560443 0.0002566007
0.3466007 0.0002480751
0.3602997 0.000232777
0.3489589 0.0002268898
0.3436692 0.0002374281
0.3473751 0.0002346441
0.3296788 0.0002221724
0.2918671 0.0002383475
0.3080547 0.0002410256
0.2887784 0.0002447628
0.3224893 0.0002379608
0.3306409 0.0002405205
0.3784256 0.0002296848
0.3887191 0.0002286324
0.3801523 0.0002305291
0.4034613 0.0002262028
0.3806043 0.000218451
0.4125229 0.0002224684
0.4126467 0.0002207741
0.399505 0.0002224948
0.3888533 0.0002198853
0.4107818 0.0002179104
0.3890057 0.000219636
0.4122727 0.0002119331
0.4450837 0.0002144849
0.4612758 0.0002088685
0.4696988 0.0002059096
0.4579235 0.0002144688
0.445349 0.0002169565
0.4431415 0.0002157358
0.4093404 0.0002136962
0.4096121 0.0002190088
0.4369713 0.0002230967
0.4757621 0.0002233076
0.4731984 0.0002207995
0.4744978 0.0002170222
0.4797508 0.0002124659
0.4619605 0.0002079061
0.479257 0.0002106183
0.5322154 0.0002163822
0.5255325 0.0002185762
0.5080024 0.0002139211
0.4919206 0.0002162077
0.4405704 0.0002192636
0.4105351 0.0002217492
0.4088354 0.0002201878
0.4588223 0.0002205682
0.4611848 0.0002288989
0.4408873 0.0002292548
0.4587287 0.0002246673
0.4834194 0.000215047
0.4686976 0.0002175178
0.428221 0.0002144258
0.4694935 0.0002167036
0.4449765 0.0002165971
0.4469652 0.0002062652
0.491004 0.0001982192
0.4663627 0.0001949211
0.4673878 0.0001908128
0.4880287 0.000184048
0.4831294 0.0001857249
0.4596564 0.0001895874
0.462097 0.0001826219
0.4247341 0.0001876171
0.4342122 0.0001946195
0.4628743 0.0001921268
0.4701799 0.0001918631
0.4964748 0.0002038329
0.5254689 0.0002123929
0.5184503 0.0002112935
0.5116798 0.0002199597
0.53255 0.0002209117
0.5321174 0.0002271741
0.5671856 0.0002245777
0.566383 0.0002324335
0.5227752 0.0002308281
0.5251458 0.0002295287
0.5456546 0.0002177567
0.5574202 0.0002150813
0.5432611 0.0002162405
0.5301967 0.0002179302
