
-0.5203731 -0.5534855 -0.5306259 -0.6695874 -0.3086603
-0.07743057 -0.4020762 -0.4533795 -0.8661934 0.6416356
0.3341167 -0.2442233 -0.3416181 -0.9244693 0.5775012
0.4744434 -0.2847291 -0.4874679 -0.8581016 -0.02114552
-0.02273451 -0.4221212 0.3094654 -0.6362224 -0.2015084
0.09854695 -0.4494203 0.6547755 -1.008525 -0.1486912
0.6505079 -0.8773634 0.5626446 -0.5470369 -0.3811373
0.1915219 -0.615091 0.6952231 -0.09466502 0.4694681
-0.5069517 -0.08279205 0.9705892 -0.4172115 -0.296101
-1.707246 0.1643494 1.097926 -0.3535338 -0.3126698
-1.546558 -1.027478 1.201581 -1.364638 -0.4330547
-1.631726 -1.104057 1.968197 -1.826138 -1.462262
-1.002868 -1.204983 2.263019 -1.459968 -1.640286
0.09170756 -1.390958 1.983401 -1.638284 -1.452076
-0.4190566 -1.935064 1.817019 -0.8096538 -1.404182
-0.4313251 -1.617156 1.411764 -0.2574709 -1.550671
0.09578605 -1.810472 1.280002 -0.254843 -2.238091
0.3680041 -2.326013 1.639416 -0.3655831 -2.266061
1.46 -2.652382 1.411623 -0.6556262 -1.490516
0.8901789 -3.618236 2.079622 -0.8116046 -1.35551
1.088533 -3.993316 2.066741 0.1866114 -1.276859
0.176439 -3.731782 1.904776 1.074982 -1.078156
0.2445268 -3.583629 1.528661 0.9001064 -1.264967
0.4640526 -3.704903 1.28086 1.170031 -1.679726
0.5232729 -3.894163 0.7216392 0.8211001 -1.234446
0.3858476 -4.420837 0.7663901 1.233299 -0.7452468
0.07155906 -4.508229 0.3880864 1.329384 -0.4245747
0.2359728 -4.737262 0.4007687 2.496169 -0.6468931
0.0587695 -5.338486 0.1141341 2.010057 -0.5300946
0.02754382 -5.121841 0.315429 1.52078 -0.1866604
0.1666369 -5.755158 0.5213893 1.747723 -0.337975
0.2468896 -5.283745 0.4047888 2.043378 -0.000488224
1.036229 -5.647949 -0.05951855 1.339415 0.5886466
0.717757 -5.80902 -1.070629 1.329726 -0.2377362
0.8199023 -5.157927 -1.172419 2.13233 -0.8237273
0.4459806 -5.385602 -0.7958187 1.602852 -1.305596
0.1674813 -5.521884 -1.354135 1.666106 -1.509409
-0.6748554 -5.377233 -0.7355954 2.233178 -2.412053
0.1435839 -5.733158 -0.1009949 2.531131 -2.510887
0.1309995 -5.501447 0.1926725 3.484565 -1.971394
0.05431401 -5.180151 0.4766149 3.816678 -2.365058
0.1361138 -5.559854 0.5286331 3.878151 -2.426094
-0.3307447 -5.325358 0.5349082 3.66215 -2.325857
0.4063994 -4.410192 0.2018683 2.779067 -1.732598
0.5203707 -4.024432 -0.07852969 2.816087 -2.666173
1.406529 -4.394038 0.07771579 3.052017 -2.35819
0.8810785 -4.526557 0.5169228 2.178492 -1.848337
1.635747 -4.159292 0.2723571 2.012064 -1.811051
2.629853 -4.037016 -0.3166057 1.947152 -1.555279
1.84774 -4.185554 -0.4700021 2.323008 -1.643332
1.488166 -4.45902 -0.2489934 2.810095 -2.073594
1.338058 -4.361485 0.06877836 2.928369 -2.175632
1.738792 -4.942944 0.4395199 3.433831 -2.23561
1.935753 -5.040687 0.1878766 3.250027 -1.45649
1.162466 -4.623172 0.1351662 3.510744 -0.8547777
1.141229 -4.514039 0.6245261 3.641382 -0.8288881
0.8704629 -3.916823 0.1616035 3.120429 -1.165035
1.191131 -3.838883 0.731388 3.667875 -2.026973
1.034894 -4.42034 0.7567626 3.587172 -2.424327
1.166433 -4.345622 0.134388 2.843157 -2.473923
0.4826108 -4.613209 0.5614659 2.425297 -2.362223
0.6479102 -3.631437 -0.3135053 2.39477 -2.661034
1.048463 -4.100992 -0.04249444 2.175483 -3.511735
1.390596 -4.384801 -0.3595394 2.859675 -3.889536
1.005354 -4.635721 0.3531821 2.238722 -2.875119
0.6861185 -4.674455 0.7678374 2.617284 -3.309028
0.7257667 -4.852716 1.261651 2.262492 -3.416623
1.212378 -4.585435 1.415641 1.753407 -3.205137
1.43991 -4.351872 1.885844 0.7653117 -3.414292
1.653564 -4.50875 1.645735 0.6344113 -2.438267
1.962806 -4.335889 1.856286 1.030002 -2.297768
1.87482 -3.791441 1.95149 1.029683 -1.585428
0.9655217 -4.650115 1.528252 1.377559 -1.58955
0.2035358 -4.994724 0.7548809 2.039069 -0.8270538
0.7828672 -4.850621 0.4981565 2.659128 -1.323936
1.122365 -4.223372 0.6598617 2.69949 -1.304966
0.8535969 -4.097865 0.5103019 2.211525 -1.244707
0.4563061 -4.614851 -0.3144893 1.488085 -1.14412
0.9926014 -4.264189 0.3307164 1.502436 -1.302397
1.668921 -5.319481 0.01103529 0.885997 -1.244997
1.264716 -5.539459 0.5649304 0.07620578 -1.879647
1.411174 -4.963266 0.23603 -0.4633787 -2.852813
1.139315 -4.31693 0.2977457 -1.2024 -2.424697
0.5862907 -4.314358 0.06085636 -1.12928 -3.625877
0.8692212 -3.739787 0.2013781 -0.7743059 -4.368129
0.3894739 -4.543248 0.4665687 -1.174568 -3.756285
0.3784945 -4.194268 0.909141 -1.10564 -3.143261
-0.03396677 -4.238708 0.5691858 -0.4021771 -3.019291
-0.1160482 -4.12843 0.6761683 -0.1203649 -3.067761
-0.8185714 -3.929691 0.6911988 0.3700147 -2.6431
-1.098475 -3.713383 1.055996 0.4012565 -2.281677
-0.4774025 -3.000525 0.3129 0.7824881 -1.999109
-0.3416469 -2.260294 -0.04266574 0.7806925 -1.583428
0.7738613 -1.736679 0.6312965 0.2871552 -1.395486
0.08107316 -1.815339 0.9748414 -0.521267 -1.249948
0.3019749 -2.004518 0.108071 -0.6351848 -1.32547
0.4903999 -2.78706 0.6437411 -0.315991 -1.053615
0.2462989 -2.828487 1.186507 0.09616602 -1.397085
0.5734258 -2.77799 1.392134 -0.3564338 -1.456214
0.9958096 -2.825933 0.8568402 -0.4486664 -1.292561
1.352954 -2.430399 1.036229 0.5588488 -1.353557
0.9276777 -1.818405 0.866443 0.7159517 -0.8658904
-0.02653191 -2.040303 0.3146104 1.120674 -1.594469
0.5045225 -1.577899 -0.9047416 1.057202 -1.928073
0.1505233 -0.6920281 -0.4405162 1.408463 -1.456172
-0.4962977 -0.9781001 -1.068816 0.8186663 -1.457019
-0.2594581 -0.8817998 -1.289304 0.9776708 -1.548595
-0.1579472 -0.8268875 -0.7624203 0.9369205 -1.807948
-0.00585467 -0.9205801 -1.19483 0.9654802 -1.725408
-0.6758862 -1.08989 -1.216756 1.015821 -2.303804
-0.2728358 -2.137278 -0.9375988 0.8572965 -2.469912
0.05381834 -3.080192 -1.215701 0.5636169 -1.813729
0.2015229 -3.20983 -0.601701 1.022302 -2.179718
0.05661049 -3.318872 -0.5927743 2.024296 -2.036044
-0.6281663 -3.737994 0.3661996 2.66911 -2.225188
-0.5321554 -3.588586 -0.2081421 2.112138 -2.185643
-0.5780037 -3.664438 -0.3920568 1.860935 -2.797681
-1.149648 -3.978531 0.2253938 1.905648 -3.438455
-0.5689112 -3.985259 0.6460579 2.169765 -4.058642
-0.08684556 -4.111619 -0.6134668 1.722831 -3.921655
0.1085394 -3.728333 -0.8147527 1.220566 -3.317735
-0.6794172 -3.672662 -0.9664291 1.350743 -3.186004
-0.5465602 -5.055683 -0.5981206 1.228429 -3.728179
-0.5608131 -4.983509 -0.7619843 1.423335 -3.288316
-0.03314171 -5.336598 -1.164555 1.227425 -3.623065
0.1105971 -5.364477 -1.495203 1.508143 -3.651546
-0.1036626 -4.844146 -2.445049 1.112831 -2.82926
-0.4342315 -4.12354 -2.373051 0.4550654 -2.031226
-0.5745602 -4.193147 -2.09819 1.075407 -1.634016
-0.3411652 -4.477164 -2.229358 1.327065 -1.885401
0.1569126 -4.683737 -1.204996 0.9718145 -1.683726
-0.09773233 -4.709478 -1.047329 1.910603 -1.547409
-0.9303256 -4.986059 -1.453353 2.048796 -0.9840979
-0.5767445 -5.789969 -1.49237 1.623784 -1.56776
0.09337996 -5.974671 -1.460155 1.820957 -0.2835335
-0.1194735 -6.243999 -1.730352 2.130016 -1.098866
0.1760905 -5.935138 -0.8400292 2.537046 -0.7029687
0.8301724 -4.581954 -0.6879942 2.401765 -0.4905925
0.6979733 -4.804586 -0.5681717 2.14467 -0.1202132
0.3578742 -4.635402 0.192519 2.109834 -0.2209575
0.6887313 -4.452169 0.2057211 1.584154 -0.5961191
0.718418 -4.285278 -0.0252675 2.459479 -0.2011782
0.8894125 -5.021053 -0.04634826 2.199625 -0.2835603
0.6884016 -4.565301 -0.4355056 1.994555 0.4451466
1.370366 -3.979142 -0.04405342 2.383687 0.7107645
0.9499985 -4.079398 -0.01959547 2.945377 0.4790719
1.274887 -4.427141 0.3295984 2.571275 -0.138714
0.4042648 -4.506233 0.8852351 3.204508 -0.3990719
1.319727 -4.606518 0.6883661 2.944559 -0.2731989
1.596011 -4.701944 1.228166 2.59005 -0.4598728
1.164246 -5.013577 1.318051 3.060987 0.2183483
0.8367605 -4.771759 1.907538 2.718801 0.2737232
1.116417 -4.849636 2.391214 2.611114 0.2902336
0.7370046 -4.595861 2.259217 2.289651 -0.2527642
0.8437949 -4.837676 2.172769 2.295766 -0.2440538
0.2802113 -4.679198 1.749503 2.001304 -0.6667211
0.976768 -4.511825 2.733421 2.064002 -1.449715
1.570683 -4.224307 1.939914 1.790109 -1.726144
1.254543 -4.1768 2.88023 0.6947668 -1.900192
0.9715383 -3.784991 2.394473 0.8861568 -1.895632
1.208003 -4.412804 2.267585 0.5955595 -1.863421
0.6498578 -3.739056 1.812355 0.4923673 -1.966762
0.03576547 -4.093697 2.023254 0.421662 -2.304793
0.3625492 -4.167746 1.571605 0.04667114 -1.75013
-0.00450485 -4.16949 1.437198 -0.4284094 -1.727549
0.3630414 -4.053282 1.014009 -0.7920627 -1.960731
0.1873708 -4.361301 0.6855891 -0.6617771 -1.808131
0.5957658 -4.110791 0.6551983 -0.7309908 -1.746778
1.398323 -4.720442 1.132116 0.01523567 -1.935413
1.272124 -4.409646 1.121753 0.6330467 -2.031018
1.328579 -4.341773 0.7344349 0.2912976 -1.796263
1.339831 -4.726989 0.5282486 0.6968155 -1.952495
1.204435 -4.470716 0.9203814 0.8463225 -1.491772
1.413147 -4.896154 0.7356178 1.236769 -0.8480777
1.56098 -4.546315 0.7089217 2.108142 -1.089303
1.694369 -4.166034 0.2956926 1.498832 -1.385449
1.697729 -4.367062 0.7035406 2.583594 -2.435927
1.16127 -3.860845 0.4107759 2.452899 -2.896245
0.5268621 -4.453483 0.08821202 2.648033 -2.887336
0.1993407 -3.997248 0.2091112 3.036718 -2.748004
0.02839577 -3.720119 0.1461359 2.69608 -3.012165
0.6043166 -3.912501 -0.2151642 2.384873 -3.372491
0.3583021 -3.367135 -0.7089887 2.453138 -2.685299
0.09187082 -3.261238 0.1588328 2.408398 -2.718263
-0.09540642 -2.885406 -0.1809197 2.772022 -2.628506
-1.006245 -3.462438 -0.396984 2.729463 -2.856086
-1.357904 -2.74801 -0.5678448 2.336662 -2.319764
-1.553043 -2.763471 0.001374221 2.751129 -1.889899
-1.118643 -3.015446 -0.1031534 1.680606 -1.715979
-0.6675011 -2.84276 -0.2315104 1.614805 -1.055832
0.3080122 -3.343881 0.3105877 1.490763 -0.8311336
0.5043466 -3.598454 0.1957826 1.532544 -1.157775
0.2694528 -3.60971 0.3619596 2.047327 -1.300971
-0.09366877 -3.157326 1.23845 1.261309 -0.7885194
0.1360168 -3.3009 0.4052933 1.123615 -0.7411034
-0.2252762 -2.95169 -0.4185603 1.475846 -0.9016153
-0.4507997 -3.808344 -0.4923688 1.198874 -0.9997531
-0.7354219 -4.11149 -0.5606109 1.226158 -0.9291336
-1.286534 -3.720191 -0.1713057 1.550178 -1.263227
-1.489522 -3.25553 -0.5161164 1.527777 -1.633584
-0.4126503 -2.99704 -0.3923411 1.925376 -1.598277
-0.6356965 -3.319529 -0.6527334 2.230595 -1.059044
-0.5523363 -3.571045 -0.9352254 2.146292 0.02895862
-0.4071383 -3.682378 -0.6017185 2.159011 0.2421079
-0.9078903 -4.440289 -0.6968094 1.470035 -0.02181688
-1.722636 -3.625602 -0.117416 1.767427 -0.1733139
-2.074478 -3.898876 0.128684 2.75671 0.4235887
-1.638011 -3.882138 0.2378183 2.839453 0.5969004
-1.065767 -4.147957 -0.1982928 3.31009 0.4686455
-0.1825148 -4.899607 -0.7921156 3.433287 -0.2592551
-0.08903189 -5.328179 -0.6675789 2.677518 -0.3783502
0.9710742 -5.657944 -0.5753657 2.773541 -0.4999315
0.09401092 -5.949262 -1.052063 2.461705 -1.206049
-0.1312592 -6.819189 -0.972785 1.759169 -0.5803357
0.09776368 -7.358514 -1.020747 1.61902 -0.3075445
-0.2801726 -6.650965 -1.355038 1.659785 -0.1847479
-0.08032141 -6.869183 -0.4822108 1.578852 -0.09091706
0.5871058 -6.477198 -0.6616535 2.223223 0.1177794
1.012694 -6.197993 -0.4819553 2.318937 0.3014269
0.9349912 -6.733879 -0.3747389 3.414292 -0.6783557
0.9804461 -6.772324 0.431576 3.747156 -0.529759
1.240563 -6.307582 0.9544669 3.334448 -0.738172
0.8252436 -5.633753 1.549827 2.74194 -1.078851
0.6567475 -5.842554 1.631826 2.013733 -0.85027
0.9052342 -5.574173 1.62582 2.144467 -1.464803
1.174655 -4.836483 1.217823 1.725478 -1.069364
1.349689 -4.688249 1.339685 1.559984 -1.077767
1.820066 -4.183926 1.292081 1.510334 -1.204982
1.776985 -3.990965 1.454124 1.661132 -1.951133
1.590184 -3.381416 1.79671 2.201429 -1.57341
1.327091 -2.943529 1.805486 2.2082 -1.765235
0.6896104 -2.450594 1.835791 1.977384 -2.106854
0.8225739 -2.612252 1.812023 3.039956 -1.549588
0.9496467 -3.462433 1.428934 2.774078 -1.981414
0.9541078 -2.975963 1.489458 2.360198 -2.600922
1.1334 -2.535406 1.637797 2.149341 -3.076362
0.660187 -2.374743 1.060093 2.007186 -4.125119
0.2014568 -2.599334 1.191005 2.343575 -4.443951
-0.05578251 -2.511738 1.580814 2.153277 -4.732094
0.5438633 -2.221928 1.055738 2.629624 -4.668633
-0.02251013 -2.20814 1.085829 2.358085 -4.650949
0.1532279 -2.295998 0.9388957 2.496378 -4.024748
-0.07490533 -1.901828 0.6417227 2.148112 -4.401757
0.09595692 -2.047934 1.033178 2.432762 -4.438679
0.1578499 -1.586575 1.300474 2.213096 -4.434045
-0.03085315 -1.14111 1.717364 1.813364 -4.562484
0.6479315 -0.8965974 1.582392 2.543326 -4.954573
1.660452 -0.8459335 1.637935 1.513842 -4.694911
1.959382 -1.001215 1.935321 0.9433008 -4.883383
2.264591 -1.701466 2.091076 0.2959535 -4.501129
2.108908 -1.888656 1.967197 1.157909 -4.16216
1.876929 -1.811319 1.802838 1.867245 -3.769821
1.720119 -2.27341 1.352392 2.576001 -4.572137
0.9353417 -2.950166 1.61559 3.169835 -4.104387
0.6738535 -2.663426 1.76695 2.174252 -3.799771
0.2941793 -2.722369 2.170198 2.663558 -3.6658
0.3863746 -2.955579 2.019043 2.164451 -3.84199
0.4971862 -2.350844 1.648207 1.578961 -3.111895
-0.02469231 -2.946086 0.9971208 1.883989 -3.343929
0.08652593 -2.88658 0.8546938 1.972162 -2.489185
0.09594729 -3.492133 0.8709387 2.086353 -2.328112
0.3402444 -3.194043 1.415371 2.674433 -2.316163
0.111982 -3.51536 1.142724 2.643471 -2.117361
-0.1541506 -3.481102 0.8975538 3.942452 -1.509758
0.08171651 -4.011312 0.874074 4.152501 -1.866825
0.1371101 -4.162378 1.119615 4.335362 -2.133306
0.189021 -4.278661 1.555235 4.65046 -2.637501
-0.5359875 -4.309258 1.979858 4.11787 -2.911675
-0.454433 -4.39176 2.42153 4.368979 -2.220841
-0.5730245 -4.64162 2.609175 3.755216 -2.163653
-0.6552835 -4.30841 2.6526 3.222535 -1.455929
-1.156629 -3.884217 2.020054 3.277254 -1.616567
-1.566046 -4.078159 1.875756 3.191569 -0.5314248
-0.7242223 -3.729373 1.841363 3.755964 -0.6133928
-0.4697208 -4.007052 2.258513 3.649646 -0.9941504
0.04706973 -3.9043 1.24271 4.114414 -1.091377
-0.7914784 -4.191197 1.254629 3.999934 -0.3964923
-1.108995 -4.359714 1.062899 4.256486 -0.6865792
-0.7007547 -4.496338 0.8389616 4.491016 -0.5841345
-0.8063864 -4.559239 0.5510141 3.496406 -0.9108628
-0.2229555 -4.757843 0.2622954 2.983032 -1.027491
0.4368977 -4.845577 -0.4643287 3.0139 -0.4618059
0.5170713 -3.911236 -0.3261066 3.359118 -0.1278882
0.1956303 -3.585062 -0.03994486 3.376062 -0.1946005
-0.2578599 -3.68595 0.628291 3.464129 0.6965102
-0.7671424 -4.038812 0.6689144 3.092806 0.357507
-0.2036274 -3.808096 0.156438 2.409682 0.7301677
0.3460459 -3.207788 -0.243048 2.376634 -0.07067838
0.5053447 -3.208557 -0.07848275 0.953249 0.1983007
1.351551 -3.392679 0.5901656 1.05441 0.4787558
1.048192 -2.997332 0.4820969 0.656618 -0.3554104
0.4988783 -2.195986 -0.3904981 0.5918388 -0.6629679
0.4163204 -2.767233 0.007792577 0.951672 -0.8751567
-0.4508343 -2.755984 0.2518463 1.931172 -1.302272
-0.2205739 -3.07766 -0.5664645 2.081186 -1.393917
0.1191942 -2.37384 -0.5577289 2.443732 -1.650283
-0.03128391 -2.11777 -0.9445898 2.969312 -1.040934
0.494492 -1.920593 -1.191085 2.496851 -1.008927
0.335734 -2.110253 -1.155552 2.56589 -0.8938288
0.3180657 -2.029613 -1.162471 2.765334 -1.08165
0.5476434 -2.742493 -0.8366227 2.609221 -0.7882239
0.639175 -2.082669 -0.4543675 3.208831 -1.317741
-0.2108798 -2.412848 -0.3525181 2.738498 -1.319333
0.2724834 -1.693103 -0.7586305 2.273401 -1.326577
0.03251028 -1.948561 -1.824425 2.667243 -1.91833
-0.8977912 -2.914532 -1.727731 2.622676 -2.404753
-0.6320542 -3.221729 -1.731958 2.296312 -2.130973
-1.409197 -3.173124 -2.160555 3.152044 -2.047328
-1.81836 -2.894356 -1.660448 2.73182 -2.877589
-1.604357 -2.828922 -1.835954 1.677175 -3.2936
-2.344574 -2.171497 -2.141386 1.387403 -2.913212
-2.095046 -1.575396 -1.24457 2.168526 -3.515739
-1.607689 -2.220737 -1.451121 2.256627 -3.710013
-0.8151237 -2.343216 -1.736461 2.477841 -3.231565
-0.8463129 -2.023149 -1.45951 2.539771 -2.437355
-0.6432867 -2.907798 -0.9481925 3.010149 -1.546081
-0.4206775 -3.260655 -0.8689009 2.601148 -1.073014
0.09204408 -3.396198 -1.822837 2.982542 -0.331068
0.7029124 -2.777959 -1.740901 3.492524 0.9186341
0.6053121 -2.703537 -2.434015 3.04828 0.3067712
0.3085289 -2.223484 -2.621706 3.728903 -0.5962136
0.4227258 -2.139541 -3.041517 4.458242 0.1485943
0.08609515 -2.273093 -2.374232 4.366994 -0.5126992
0.8957164 -1.677147 -2.451177 4.632896 -0.8494011
1.43785 -1.598484 -2.042804 3.978096 -0.2995916
1.327766 -1.846192 -2.663032 3.258135 -0.1867454
1.613401 -2.002131 -2.332954 3.051275 -0.4459678
1.442007 -2.728687 -1.990234 3.386213 0.3783593
1.778202 -2.933637 -1.59137 2.654511 -0.05349326
1.832314 -3.233297 -1.661191 1.943176 0.05510087
1.39826 -3.640526 -1.501431 1.701022 -0.7787677
0.6659065 -3.893215 -1.480195 1.539302 -1.166948
0.9822437 -4.871375 -1.126488 0.9991201 -1.387832
0.797633 -4.326519 -1.028836 1.733085 -1.083548
0.7610682 -4.641194 -0.6537142 2.68977 -0.7331279
0.8930945 -5.437068 -0.3863903 1.388994 -0.9705513
0.7511136 -5.720477 0.3343076 1.641976 -0.8681999
0.7876497 -5.421571 -0.76868 1.313386 -1.11071
0.4885051 -4.831871 -1.214849 1.628361 -1.486187
0.1340739 -5.123893 -0.7629617 1.044328 -0.7732072
0.3867745 -4.249159 -1.132396 1.834975 -1.082562
0.1002719 -4.35573 -1.836145 1.692613 -2.098036
0.4274708 -4.42022 -1.44378 1.329087 -2.38952
1.083405 -4.469869 -0.9472142 1.484379 -2.6963
1.768874 -4.489558 -0.5047216 1.938006 -3.015639
1.895282 -4.04832 -0.9120143 2.038676 -3.27324
2.426753 -4.10711 -1.730711 1.746148 -3.216052
2.232213 -3.797201 -1.638971 2.606594 -3.788594
2.421806 -3.883079 -1.940813 1.897376 -3.077352
1.213675 -3.141907 -2.287004 1.391013 -3.326804
1.094993 -3.42553 -1.625614 1.275492 -3.973747
0.7088818 -3.815349 -1.325416 1.531739 -3.406875
0.3249339 -3.750755 -1.815165 1.800907 -3.750839
-0.1564707 -3.468298 -1.700042 1.813637 -3.980978
-0.7997477 -3.486457 -1.257005 1.787826 -3.499389
-0.4439586 -3.172513 -1.044324 2.310652 -3.502387
-0.1036038 -2.283864 -0.7292076 2.75272 -3.41517
0.1587484 -2.323362 -0.4382074 3.068275 -3.302086
0.2165022 -2.407268 -0.1468805 3.623976 -3.374741
0.3236095 -2.775511 -0.486856 3.39256 -4.146873
-0.1385129 -3.068323 -0.6798492 3.059713 -4.082513
-0.3506574 -3.625067 -0.6621812 3.34639 -4.664308
0.3400293 -4.135746 -1.006667 3.46257 -4.256313
-0.06997583 -4.090961 -0.923671 2.870897 -3.916645
0.004314611 -4.308677 -0.940155 3.231907 -3.535812
-0.4770387 -4.521553 -1.089628 3.5739 -3.586212
0.2164275 -4.595079 -1.295402 3.248436 -3.056476
-0.2842326 -4.048768 -1.220806 3.90222 -3.251424
-0.03099814 -4.293282 -0.8703549 2.5737 -2.680617
0.4153158 -4.557229 -0.5490628 2.583263 -2.736545
0.4891966 -4.25563 -0.7419745 2.785029 -2.208844
0.3182884 -3.957797 -0.7916526 2.269793 -2.443969
0.3081746 -4.062351 -0.2929708 2.127618 -1.857234
0.2543676 -3.980316 -0.1226351 3.042115 -1.813788
-0.2614458 -4.70729 0.2315767 2.990206 -1.731768
0.007136989 -4.493498 0.09942465 2.466703 -1.745271
-0.716275 -4.873448 -0.4694628 2.921827 -1.197422
-1.084945 -4.444735 -0.8438905 3.014744 -1.187911
-1.679158 -5.272249 -1.086854 3.332371 -0.8605907
-1.242497 -5.321269 -0.6700982 2.103972 -0.8706588
-1.97078 -5.386029 -0.5574618 2.496253 -1.632581
-2.792775 -5.549303 -1.444749 1.972637 -1.281964
-3.428999 -5.606949 -1.631622 1.470744 -1.695892
-3.674019 -5.398776 -2.026423 1.039826 -2.286406
-2.757685 -6.450417 -2.425809 0.7580353 -1.888123
-2.534851 -5.869017 -3.137552 0.5452447 -1.244918
-2.462125 -5.546708 -3.235289 0.8820047 -0.9408681
-1.666504 -5.637922 -3.879892 1.275134 -1.868008
-1.371355 -5.010742 -3.79009 0.6577236 -1.867884
-1.379696 -4.440852 -3.805873 1.02026 -0.9638702
-2.577691 -4.344454 -4.161906 1.559177 -0.4469902
-3.126837 -3.53014 -3.281156 1.264331 -0.04150948
-3.656528 -3.296756 -2.326697 1.577717 0.005970595
-3.418018 -3.138153 -2.463277 2.023739 0.4127435
-3.108356 -3.694972 -3.119772 1.982942 0.6783821
-3.298921 -4.002531 -3.010039 1.961493 0.6016193
-3.488835 -3.444963 -3.333507 1.962785 0.4464213
-3.120057 -3.641054 -4.085567 1.964756 0.4739254
-3.036042 -4.04266 -4.592169 1.706408 0.8870726
-3.342875 -3.845428 -4.074395 2.301938 1.009027
-4.120954 -3.801115 -3.856899 1.844926 0.4278172
-3.306103 -4.31448 -4.247027 1.242742 0.4886115
-2.545127 -4.327842 -3.986573 1.318906 0.7283176
-2.24097 -4.539099 -3.806527 1.489022 0.4893047
-2.185405 -3.35644 -3.526869 1.797725 0.6506006
-1.684263 -2.851419 -3.721007 2.103532 0.4344498
-1.071623 -3.337937 -3.892458 1.759311 -0.3224593
-1.044296 -3.540781 -3.9652 1.840727 -0.700724
-0.6160129 -3.213992 -4.366846 2.09771 -0.9213993
0.9005047 -3.945165 -4.78536 1.825782 -0.9224294
1.07981 -4.15955 -4.704084 2.183229 -0.8267962
1.036398 -4.632864 -5.129419 2.500039 -0.5622685
1.711757 -4.785207 -5.03562 2.759718 -0.7752691
0.5184429 -4.176551 -4.907678 2.808784 -1.928019
0.9894422 -3.754505 -4.973992 2.965909 -1.570352
0.9460358 -3.062503 -5.702657 3.046695 -1.026476
1.352436 -3.080163 -5.888627 2.756753 -1.604448
1.483967 -3.573783 -5.164635 2.880319 -1.805528
1.031766 -3.867509 -5.543883 2.252366 -2.130433
1.781023 -3.077761 -4.772581 2.817534 -1.843757
1.968517 -2.55026 -4.24005 3.898492 -2.602813
1.950121 -2.525648 -4.386647 3.914569 -2.367721
2.201851 -2.621711 -3.767563 4.543293 -2.28618
2.545348 -2.373515 -3.064463 3.698292 -2.156148
3.450309 -2.017075 -3.392902 3.588269 -1.519783
3.354289 -2.025262 -3.007279 4.079339 -0.7705005
3.886344 -2.107385 -2.951686 3.208042 -0.4444079
3.730011 -2.609952 -2.830788 3.345887 -1.02068
3.688265 -2.277063 -2.66984 3.254071 -1.495917
3.901472 -1.849158 -2.150028 2.65677 -1.273509
4.19714 -1.361575 -2.629516 2.623391 -0.6244581
5.007886 -2.129249 -2.831232 2.507464 -0.5043263
5.314964 -1.911498 -3.084858 1.697447 0.2079999
4.977797 -2.114113 -2.855635 1.92596 1.141996
4.628987 -2.841014 -2.441331 1.548263 1.470826
4.273119 -3.093707 -2.471295 1.249451 0.3868681
4.487603 -2.485236 -2.653109 0.9543579 0.01071665
5.029779 -2.851769 -2.648797 0.9735975 -0.2987492
4.852027 -3.135401 -1.92408 0.9303755 -0.6737275
4.406208 -3.378991 -2.058603 1.351636 -0.3048467
4.928491 -3.72413 -1.07092 0.6552516 -0.001940299
5.170325 -4.34467 -1.539082 -0.1184344 -0.7298037
4.940283 -3.940316 -1.471379 -0.2506155 -0.7753513
5.006012 -3.861365 -0.402631 -0.1269411 -0.8935491
4.326057 -3.028458 -0.1668388 -0.6048902 -0.7053532
4.356013 -3.997279 -0.04007609 0.004163735 -1.577873
3.898493 -4.733542 0.4124094 -0.1664423 -1.562763
3.171284 -4.64767 0.3960033 0.4235639 -1.766157
2.658712 -4.225142 1.29136 0.5666012 -1.588304
2.859785 -4.552831 1.797736 0.7882766 -1.581447
2.892892 -4.625903 1.17253 1.086945 -1.767555
3.000553 -4.206617 1.202353 1.490872 -2.411747
2.659647 -4.829568 0.8344792 1.330015 -2.379442
2.608423 -4.756177 1.368062 1.561996 -1.759302
2.076229 -4.498768 0.9033514 1.683753 -1.960184
1.41504 -4.267482 1.699376 2.286272 -2.637795
1.692892 -4.470944 1.476506 2.359371 -3.429308
0.9865281 -3.992724 1.533798 2.000447 -3.075027
0.8929727 -4.398577 2.009016 1.390044 -2.793597
0.9274882 -3.807185 1.66518 1.923247 -2.961001
1.017319 -3.873853 1.824343 2.458891 -3.351605
0.794892 -3.751344 1.701876 2.865035 -3.229085
0.4979728 -4.424848 1.503343 2.710444 -2.629754
0.8322751 -4.137885 1.391199 3.138619 -3.538113
1.138456 -4.21677 1.067139 2.641221 -3.846985
0.6799152 -3.733211 0.8111851 2.431134 -3.892481
1.691924 -3.155687 1.116894 3.372373 -3.920534
2.6789 -3.130316 0.01448412 2.297297 -3.560263
2.0907 -3.534885 0.4963833 2.72837 -3.625266
1.824965 -3.774623 0.5632302 3.004153 -3.533854
2.236679 -3.605528 0.4693016 3.303966 -3.991383
2.808409 -3.532719 0.6087451 3.457536 -3.491741
2.859395 -3.609383 0.03296585 3.49753 -3.047636
2.998369 -1.980773 0.9207534 2.869714 -3.086921
2.796911 -1.900455 0.2913974 2.757519 -2.906211
2.4488 -2.557369 0.2358537 2.490175 -3.309554
2.570622 -2.906195 0.4601688 3.081069 -3.503195
2.995742 -2.577726 0.5959965 3.469931 -4.701662
2.266601 -2.401614 0.3677986 3.581421 -4.342577
1.947103 -2.54506 -0.405604 3.71907 -4.000686
1.738463 -1.685224 -0.9047526 3.676881 -3.675101
1.035282 -1.535632 -0.9093321 3.28219 -3.803205
0.3158169 -1.709576 -0.4295236 3.420524 -4.8358
-0.3571521 -1.233458 -0.1227108 3.553653 -5.484682
-0.4031931 -1.279741 0.4116791 3.0961 -4.905772
-0.8075712 -1.63699 -0.139051 2.632915 -4.67703
-0.7775035 -2.04839 -0.356896 2.343351 -4.225244
-0.5019645 -2.490828 -0.08702184 3.023506 -4.508332
0.4092073 -2.545052 0.1683988 3.301967 -4.111464
-0.08642135 -2.445422 0.6678586 3.199919 -3.162381
-0.2732859 -2.985723 0.6592722 3.197255 -2.941374
-1.30898 -3.641774 0.7471905 2.773187 -3.194826
-1.619795 -3.586102 0.7638196 2.846734 -3.030956
-1.99365 -3.528116 1.527506 3.34893 -2.715317
-1.296876 -3.672972 1.573177 3.518121 -2.435162
-0.4706409 -3.376059 0.9234908 3.362123 -1.847475
-1.482667 -3.049082 0.8402565 3.883415 -2.30366
-1.800259 -3.264395 0.7992734 3.511873 -2.622307
-1.803506 -3.895099 0.7020678 3.481949 -2.011233
-1.021883 -3.082492 0.5934641 2.588759 -1.499989
-0.7372773 -3.062008 1.252402 2.548305 -0.9641934
-1.146369 -3.299104 1.172907 2.026575 -1.307825
-1.050113 -2.942543 2.062824 1.544638 -1.084927
-1.085109 -3.94585 1.998514 1.064411 -0.3166648
-1.191986 -3.918233 1.675311 0.7530905 0.395689
-0.9031687 -4.409066 1.820383 0.3530571 0.8362138
-1.159977 -3.86939 2.084937 0.2796222 0.8220779
-0.7141848 -3.758161 2.342046 0.7388514 0.3978491
-0.3772568 -4.228987 1.982302 0.7994759 -0.2647725
0.06347121 -3.205392 1.52366 -0.2506606 0.1241243
0.6421961 -3.882522 1.539379 -0.1939696 0.4031909
0.2842646 -4.450685 1.292336 0.7428014 0.1681374
0.2967163 -4.298898 0.5701356 1.220247 0.3773357
-0.3452686 -4.419678 0.2290643 0.7775831 0.2961189
-0.4685931 -4.029717 0.01267975 1.103472 1.111384
-0.597317 -4.006691 0.226031 1.769347 1.15041
-0.4367273 -3.752293 0.02073668 0.9952202 1.432279
-0.3167549 -3.844589 0.3358675 1.071594 1.371565
-0.8491414 -3.700299 0.8994965 1.363201 1.752187
-0.6282254 -3.887646 0.9694429 0.9559226 1.784515
-0.5543662 -3.889707 0.2174602 0.3573463 1.482071
-1.092309 -3.422501 0.4631506 0.6828087 1.870382
-0.8614917 -3.526007 0.5252973 0.720887 2.471876
-0.1859899 -3.755776 -0.1804018 1.448587 1.545721
-0.6171948 -3.633296 0.2325708 1.854275 1.266488
-1.216571 -2.766028 0.2481794 2.575563 1.071677
-1.057466 -3.232745 0.5031595 2.266159 0.5603722
-1.102221 -3.349492 0.176355 2.753084 0.6003059
-1.135975 -3.721174 0.5532471 2.932065 0.3052601
-0.3491339 -4.094893 0.4364693 3.089233 0.4659068
-0.7092422 -3.936431 0.3647636 2.990336 -0.1911159
-1.364056 -3.998049 0.3485211 3.009038 -0.3696157
-1.191676 -3.687361 -0.178609 3.0383 -0.4880284
-0.9334042 -3.627382 -1.158019 2.946367 -0.6003492
-0.7397344 -3.224887 -1.398633 3.36192 -0.9498229
-0.8172039 -3.294053 -1.24558 3.179055 -1.631122
-0.579906 -3.323697 -1.068452 3.717046 -2.10236
-0.2681696 -3.718921 -1.265904 3.735744 -2.112573
-0.1437017 -4.143904 -1.504046 3.870727 -2.28339
-0.5225864 -4.571434 -1.173048 3.933213 -2.498213
-0.7841222 -4.343456 -1.848458 3.619158 -2.593881
-0.8857962 -4.639537 -1.691489 3.17903 -3.443073
-1.872769 -4.404448 -1.916277 3.509271 -3.225252
-1.998997 -4.722669 -1.794365 3.662681 -3.947098
-2.219775 -4.194959 -1.123148 3.839901 -4.056563
-1.436406 -4.631878 -0.7178726 2.666056 -4.207732
-1.711385 -4.805084 -1.269971 2.968831 -4.444559
-1.929104 -4.010826 -1.717587 2.975408 -4.251116
-1.626636 -3.865557 -1.716259 3.234798 -4.456112
-1.678415 -4.457468 -1.639103 3.286572 -4.663673
-1.832133 -4.085843 -1.031781 3.501788 -4.393425
-1.277422 -4.219704 -0.8932919 3.702405 -4.719998
-1.076629 -4.153854 -0.8706823 3.448412 -3.471687
-0.8002849 -4.284512 -0.4830471 3.560756 -3.086935
-0.8085704 -4.020689 -0.4705835 3.264978 -3.037753
-1.226687 -4.13401 -0.6364534 3.737691 -2.977344
-1.173229 -4.428703 -0.7141547 3.309413 -3.383719
-1.344217 -4.058808 -0.6673974 3.267602 -2.427606
-1.291344 -4.569308 -0.2814467 2.716245 -2.344987
-1.2495 -4.059016 0.09390654 3.037216 -2.194488
-1.268643 -3.383581 0.3263675 2.246592 -1.747827
-1.486006 -2.461364 1.156604 2.17762 -1.856353
-1.760155 -2.82722 0.5089341 2.035668 -1.698428
-2.26835 -3.274968 1.265505 1.81487 -1.45097
-2.706519 -3.361569 2.424284 2.113398 -1.802835
-2.928887 -3.92681 2.577851 2.085217 -1.546849
-2.468303 -3.228523 2.503815 2.166555 -1.993714
-2.054565 -2.774105 2.633559 1.681525 -2.076892
-2.123788 -3.259539 2.841331 1.775043 -2.611691
-2.02561 -2.722659 2.926952 2.615819 -3.145723
-1.705266 -2.397095 2.855852 2.879384 -1.767431
-1.048779 -2.571779 2.923994 2.70527 -1.293461
-0.2517608 -2.44572 2.630012 2.901388 -1.235565
-0.4134251 -3.204774 2.732482 2.351412 -1.513582
-0.3584092 -3.350694 2.281406 2.521308 -1.283126
0.9312367 -2.346858 1.492904 2.698203 -1.795458
0.8595344 -2.080494 1.272678 2.62819 -1.499714
0.7017525 -2.058346 1.420386 2.396812 -2.041298
1.85999 -1.740436 1.507778 2.268625 -2.21054
1.792807 -2.585949 0.9540706 3.084641 -1.770137
1.453118 -2.506068 0.5500213 3.897125 -1.884416
2.213778 -2.381008 0.2769633 3.864928 -2.071087
2.845833 -2.797331 0.4031541 3.467786 -2.205235
3.026576 -2.772677 -0.02233135 3.224582 -2.18767
2.511291 -2.421901 -0.7876377 3.111505 -1.277377
2.460313 -2.905555 -0.8545683 3.048211 -1.866231
1.8518 -3.095702 -1.022976 3.281776 -1.385706
1.224769 -2.780626 -1.311549 2.446838 -0.8687405
1.116069 -2.511032 -1.679242 2.349461 -0.1213179
1.32123 -2.788534 -2.148335 1.584709 0.4217318
2.035291 -2.93766 -2.28352 2.158747 0.5572535
1.854865 -4.248081 -2.136643 3.484668 -0.5622479
1.868754 -4.144793 -2.154849 2.353654 -0.8587226
1.721074 -3.927156 -2.235694 3.071328 -0.3514512
2.24875 -3.595285 -1.803631 3.562042 -0.4886806
1.889222 -4.033567 -1.675325 2.501161 -0.4311768
2.086905 -4.267007 -1.441057 3.153426 -1.102032
1.870972 -3.956329 -1.590099 3.257886 -0.8813988
2.457352 -3.737807 -0.8380805 3.469935 -0.8008761
1.80868 -4.039887 -1.721234 3.267343 -1.464167
1.486833 -4.445395 -2.496731 3.610994 -1.35896
0.6332367 -4.415362 -2.389408 3.937389 -1.347283
0.9150221 -5.54266 -1.898288 4.199981 -1.920829
0.3293518 -5.302617 -1.30622 4.160264 -1.159968
0.3624518 -5.66443 -1.850757 3.760576 -1.968021
0.9917201 -5.763018 -1.584624 3.490833 -1.736581
1.555648 -5.741205 -1.629678 2.499395 -2.114429
2.012883 -5.976304 -1.703704 2.755119 -2.455536
2.690981 -6.205461 -1.338316 2.865063 -3.219611
2.902431 -6.097338 -0.7878405 1.702369 -2.785846
2.795268 -6.531367 -0.3667524 1.433984 -2.409898
2.92114 -6.371963 -0.2875892 1.575084 -2.490393
2.86713 -6.47884 -0.2952936 1.209777 -2.367251
1.710155 -5.592714 0.008197409 0.8735411 -2.495511
1.791586 -5.782147 -0.6012488 1.758549 -2.062104
2.341752 -6.234236 0.2757452 1.636731 -2.414767
3.149747 -5.303735 -0.1040379 1.986979 -2.608696
3.240728 -5.152848 0.01007733 2.290238 -2.133197
3.165853 -5.498014 0.1065542 2.143301 -1.81755
3.202488 -5.714396 0.1058518 2.75898 -1.435495
3.329267 -5.758835 1.033538 2.876935 -1.328773
3.026412 -4.898655 0.7508645 2.33588 -1.456386
2.353735 -4.615911 0.754559 2.991735 -1.088538
3.185218 -4.834283 0.3578305 1.944044 -0.638975
2.462063 -4.690129 1.104964 1.851563 -0.4435508
2.504375 -4.036828 1.358432 1.938579 -0.1823693
2.713748 -3.88778 1.618382 1.063174 -0.6716916
2.362916 -3.753213 2.193075 1.243068 0.07477898
1.860718 -3.940119 1.890138 1.179345 0.01234323
1.159381 -3.45586 1.827065 1.212282 -0.253459
0.4740151 -3.350069 1.802935 0.9319373 -0.9074113
1.136864 -3.61626 1.793202 1.705194 -0.8316021
1.319149 -3.019374 0.7969936 0.9657618 -0.7208134
0.9525083 -3.036529 0.2905051 1.317867 -1.048772
0.9380769 -2.389618 0.4522708 1.49642 -0.5441151
0.4665512 -2.476574 0.1620994 1.134652 -1.132666
-0.298429 -1.848626 0.5158873 1.312237 -0.8774313
-0.5599819 -1.356573 1.094539 1.228753 -0.274038
-0.129922 -2.145825 0.0988958 1.28336 -0.5960938
-0.2891312 -2.117516 0.4376138 1.802906 -0.9539317
-0.04181808 -1.964461 0.1483653 2.271973 -1.692513
-0.1121672 -1.397872 -0.8473545 1.797585 -2.409308
0.195061 -2.148089 -0.8627103 1.848693 -2.556968
0.4853171 -3.048354 -1.156193 1.775488 -2.373254
1.094617 -2.903778 -0.9616115 1.136723 -3.045746
0.8335651 -2.867031 -0.9735359 1.31689 -3.384565
0.4884961 -2.711121 -0.8116284 1.775549 -3.236944
1.723188 -3.557021 -0.887602 1.672278 -3.467769
1.666812 -3.662273 -1.184639 1.914205 -3.825082
2.261934 -3.824589 -1.475777 2.271494 -3.954874
1.40018 -3.75961 -1.327496 2.277485 -4.61853
0.4446258 -3.575275 -1.297068 1.947757 -5.130334
0.4237707 -4.694147 -1.61308 1.534753 -5.212287
0.8226353 -5.174639 -1.567384 2.671688 -5.313171
0.3504949 -5.119742 -2.673129 2.303211 -4.718684
0.3048917 -5.294485 -2.869352 2.319026 -4.373077
0.4693199 -5.944344 -2.845776 2.988991 -3.388951
1.11432 -5.41858 -3.110449 2.492247 -3.170801
0.6432771 -5.473003 -2.828888 1.683958 -3.211098
0.8635537 -6.055883 -2.336395 1.76177 -3.431032
