probIn scale
0.4482725 0.0003145372
0.4709726 0.0003087416
0.4649458 0.000303959
0.4112294 0.0003076697
0.4134937 0.0003201409
0.3869184 0.000303098
0.3535166 0.0003046835
0.3456978 0.0002976923
0.3236345 0.0002855052
0.3415254 0.0002799433
0.3555651 0.000268298
0.3708418 0.0002835913
0.3663854 0.0002822188
0.3616058 0.0002888917
0.3570236 0.000295846
0.3906515 0.000310334
0.3876031 0.0003084552
0.3658491 0.0002952486
0.3804717 0.0002991726
0.3571321 0.0002898719
0.3561393 0.0002797446
0.3660567 0.0002859074
0.3496144 0.0002754768
0.3405953 0.0002794495
0.3103005 0.0002806964
0.2937678 0.0002725084
0.3392041 0.0002843718
0.3776712 0.0002988902
0.3601849 0.0002970142
0.3439326 0.0002935369
0.3078552 0.0003042852
0.3016581 0.0003022566
0.3147427 0.0003129345
0.309773 0.0003172148
0.3279033 0.0003140563
0.3429182 0.0003256338
0.3723564 0.0003349648
0.3697513 0.000340634
0.3717726 0.0003327591
0.4195508 0.0003271604
0.399472 0.000326228
0.3928802 0.0003297703
0.4116532 0.0003094676
0.4321066 0.0003073806
0.4304549 0.000305824
0.4172812 0.0002985765
0.381813 0.0003060544
0.3962999 0.0003215968
0.3377339 0.0003071964
0.3532287 0.0002950187
0.3751268 0.0002992004
0.3483521 0.000295353
0.3295952 0.000290896
0.3248115 0.0002873355
0.344083 0.0002831239
0.3772678 0.0002678077
0.3725637 0.0002781019
0.3865628 0.0002768388
0.3845883 0.0002814338
0.3911699 0.0002842992
0.4037496 0.0002992333
0.4067014 0.0002922978
0.4060048 0.0003043941
0.4154548 0.0002993266
0.3928964 0.0002981416
0.3799614 0.0002914144
0.3816379 0.0002942587
0.3819964 0.0002817918
0.3364032 0.0002882451
0.3676691 0.0002859038
0.3592769 0.0002881888
0.3675904 0.0002792121
0.3765988 0.0002851255
0.3666181 0.0002828036
0.3894383 0.0002849012
0.3991135 0.000277049
0.4003817 0.0002631437
0.4522104 0.0002624054
0.4536434 0.0002659342
0.4575429 0.0002571977
0.4469383 0.0002511095
0.428957 0.000239501
0.440295 0.0002328325
0.4393202 0.0002303757
0.4596255 0.0002347159
0.4878849 0.0002440854
0.4456946 0.0002600576
0.427841 0.0002544335
0.4643774 0.000256552
0.4766825 0.0002636883
0.4798861 0.0002550363
0.4933277 0.0002486793
0.5298198 0.0002550355
0.5498269 0.0002590796
0.5271784 0.0002491043
0.5343933 0.0002412155
0.5448481 0.0002348989
0.5920695 0.0002248691
0.5901509 0.0002250817
0.5940385 0.0002269647
0.5667931 0.0002413962
0.5753489 0.0002326614
0.5993201 0.0002231702
0.5764298 0.000234526
0.5258895 0.0002427798
0.5366458 0.0002465344
0.5603096 0.0002532227
0.5622226 0.0002544633
0.5796853 0.0002624716
0.5848489 0.0002579076
0.5707745 0.0002562938
0.5836232 0.0002511611
0.5553541 0.0002457657
0.5137185 0.0002656601
0.4938787 0.0002607377
0.4851069 0.0002597138
0.4619198 0.0002626995
0.4992898 0.0002602726
0.4765955 0.0002554487
0.4642601 0.000256312
0.478374 0.0002593644
0.4595888 0.0002632238
0.4464188 0.0002633049
0.4368621 0.0002501591
0.4547042 0.0002580138
0.4622528 0.0002748111
0.4826438 0.0002841403
0.4804288 0.0002904702
0.4963641 0.0002810262
0.5186555 0.0002740361
0.5089506 0.0002822489
0.5265322 0.0002816021
0.5287355 0.0002959435
0.552685 0.000280234
0.5400755 0.0002762316
0.5746172 0.0002742335
0.5685197 0.0002912252
0.5933431 0.0002871592
0.6035923 0.0002869633
0.6215239 0.0002706201
0.6187636 0.0002638874
0.6283162 0.00026332
0.6334225 0.0002666619
0.6174234 0.0002604833
0.6226003 0.0002607149
0.6507975 0.0002547013
0.6538644 0.0002601344
0.611373 0.0002493114
0.6437026 0.0002458412
0.6220858 0.0002373546
0.5887861 0.0002438023
0.5633946 0.0002530138
0.5200647 0.0002555442
0.5448312 0.000251009
0.5371179 0.0002558469
0.5682377 0.0002598793
0.5865703 0.0002753386
0.543947 0.0002718894
0.5455105 0.0002715896
0.5261003 0.0002543177
0.5499421 0.0002595999
0.5610851 0.000256443
0.5379508 0.000259224
0.4873231 0.0002609818
0.4951733 0.000254594
0.4861518 0.0002424899
0.5210525 0.0002425267
0.5299703 0.0002385454
0.5393186 0.0002294453
0.5435314 0.0002246064
0.5444371 0.000238172
0.5733722 0.0002217594
0.585751 0.0002227016
0.5818841 0.0002347811
0.5537531 0.0002422947
0.5536782 0.0002417502
0.5815963 0.0002417418
0.6045417 0.0002368913
0.5934565 0.0002537039
0.5840686 0.000240042
0.5764671 0.0002413314
0.566018 0.0002399507
0.5681743 0.0002258531
0.5556934 0.0002295787
0.5713595 0.0002228191
0.5793154 0.0002248794
0.5703842 0.0002233182
0.5936495 0.0002200708
0.5766069 0.0002228403
0.5988868 0.0002179799
0.6152825 0.0002146264
0.6250181 0.0002119415
0.6328519 0.0002181839
0.6168821 0.0002116135
0.5936109 0.000209642
0.6258599 0.0002145091
0.6070989 0.0002115429
0.5962751 0.0002214146
0.6138724 0.0002145368
0.5715779 0.0002148955
0.5432322 0.0002216004
0.5672161 0.0002253924
0.5689384 0.0002182796
0.5738312 0.000219619
0.5965426 0.0002165241
0.626516 0.0002202091
0.654766 0.0002184503
0.658416 0.0002218313
0.6490618 0.0002359073
0.6449498 0.0002321729
0.5975843 0.0002258331
0.5618322 0.0002235956
0.5406024 0.000224982
0.5547661 0.0002190944
0.554472 0.0002197534
0.5491621 0.0002294941
0.5823387 0.0002293296
0.5842647 0.0002426656
0.6288017 0.000233876
0.6482106 0.0002350619
0.6439816 0.0002243426
0.6389161 0.0002206559
0.6327164 0.0002277667
0.6643003 0.0002258561
0.6333051 0.0002183328
0.6656079 0.0002165144
0.6661363 0.0002281172
0.6470757 0.0002237951
0.6526052 0.0002288205
0.6337941 0.0002227143
0.6137543 0.0002304282
0.6181552 0.0002279422
0.6158091 0.0002351188
0.6335412 0.0002305944
0.6160477 0.0002216967
0.5958032 0.0002194474
0.6108763 0.0002195111
0.6106706 0.000211563
0.5931171 0.0002145179
0.5952177 0.0002129106
0.5815571 0.0002142362
0.6016894 0.0002187936
0.6200475 0.0002183714
0.5651485 0.0002268992
0.5795386 0.0002274971
0.5886596 0.0002346264
0.5857296 0.0002326369
0.5770205 0.0002448142
0.5353802 0.0002431359
0.5403258 0.0002344331
0.5312303 0.0002371898
0.5075264 0.0002474069
0.5235971 0.0002455769
0.5499685 0.0002431289
0.5722159 0.0002475557
0.5925814 0.0002423069
0.565505 0.0002517289
0.5811215 0.000259552
0.5800002 0.0002744191
0.5851935 0.0002844307
0.5868005 0.000283785
0.5669271 0.0002772363
0.6181796 0.0002743447
0.5761796 0.0002794536
0.5997502 0.0002794781
0.5920475 0.0002889051
0.5778728 0.0002813586
0.6149249 0.0002808226
0.6100895 0.0002826711
0.5962994 0.0002853214
0.5877305 0.000295804
0.5887205 0.0002984745
0.5677969 0.0003016952
0.6056727 0.0003056664
0.6244268 0.0002950041
0.6227802 0.0002864526
0.6443728 0.0002878854
0.6213471 0.0002873452
0.6367423 0.0002967847
0.6339141 0.0002948511
0.6231352 0.0003057034
0.6356957 0.0003143344
0.6354694 0.0003064327
0.5915756 0.0003209633
0.5900676 0.0003048878
0.6119365 0.0003115884
0.6066624 0.0003022213
0.6065966 0.0003020776
0.5902199 0.0003078346
0.578249 0.000300735
0.5799842 0.0002924429
0.5438134 0.0002995733
0.5410745 0.000296256
0.5909968 0.0002977627
0.5512611 0.000291755
0.5173365 0.0002937815
0.4745555 0.0003010891
0.4654417 0.0002895318
0.480611 0.0002968742
0.504452 0.0002908715
0.5098397 0.0002890882
0.5081569 0.0002866256
0.5044855 0.0002830659
0.5583532 0.0002815924
0.5361976 0.0002768157
0.5566249 0.0002717796
0.5821549 0.0002698648
0.5932216 0.0002724044
0.5980454 0.0002661623
0.6086565 0.0002627257
0.6418816 0.0002684528
0.6593213 0.0002594822
0.6723659 0.0002520132
0.6914768 0.0002483891
0.6638936 0.0002527162
0.6368748 0.0002448311
0.6148186 0.0002509935
0.6140115 0.0002516955
0.6127443 0.0002542962
0.6030332 0.0002584509
0.6041289 0.0002639244
0.6151855 0.0002596429
0.5991803 0.000259645
0.5880064 0.0002703402
0.5820501 0.0002654936
0.5814735 0.0002685337
0.5824276 0.0002701497
0.5858104 0.0002722952
0.5891469 0.0002635393
0.5684942 0.0002708715
0.5664553 0.0002712234
0.5659614 0.0002716841
0.5602461 0.0002716004
0.552437 0.0002720502
0.5679382 0.0002766857
0.5426931 0.0002698155
0.5635395 0.0002710911
0.567808 0.0002836511
0.5725606 0.0002736042
0.5701801 0.0002774513
0.5433358 0.0002852723
0.5354153 0.0002966964
0.5198614 0.0003071727
0.5020707 0.0003049721
0.5344862 0.000291229
0.561896 0.0003038938
0.5113736 0.0002989932
0.5354457 0.0002917092
0.5862931 0.000293558
0.5210624 0.0002972415
0.4594904 0.0003015976
0.4918009 0.0003051302
0.5061998 0.000305509
0.5016528 0.0003072873
0.5020407 0.0002995788
0.4976675 0.0003116173
0.514179 0.0003093205
0.5415533 0.0003168657
0.5755816 0.0003121407
0.5556582 0.0002959271
0.5514377 0.0002891682
0.5725128 0.0002768646
0.5761169 0.0002755875
0.5539116 0.000279495
0.5469754 0.0002769975
0.5584459 0.0002666059
0.5815308 0.0002582436
0.5933341 0.0002533204
0.6457735 0.0002424626
0.6600503 0.0002438531
0.6871714 0.000241142
0.6817912 0.0002354871
0.6609049 0.000225945
0.6912141 0.0002093678
0.7203999 0.0002066944
0.7612336 0.0002037023
0.7490443 0.0002067139
0.7526186 0.000205406
0.7303822 0.0002002596
0.7185177 0.0001971424
0.699921 0.000199131
0.7189972 0.0002003987
0.7458834 0.0001907542
0.7647053 0.000185674
0.7580248 0.0001898574
0.7694378 0.000192093
0.7648646 0.0001940296
0.7675907 0.0001963242
0.7510195 0.0001815846
0.7422955 0.0001749111
0.7376827 0.0001760734
0.7449857 0.0001740753
0.7175364 0.0001700686
0.7506819 0.0001712869
0.6888107 0.0001682823
0.6724681 0.0001743059
0.6946784 0.0001738946
0.7107644 0.0001743854
0.6649256 0.0001730837
0.6492484 0.0001760578
0.6264394 0.0001844101
0.627872 0.0001807019
0.6373156 0.0001750525
0.6122221 0.0001761452
0.5958633 0.0001664712
0.6016674 0.0001634595
0.6169414 0.0001565876
0.6208315 0.0001525392
0.6100954 0.0001561745
0.6233388 0.00015233
0.6352455 0.0001512958
0.6477917 0.0001608834
0.6403718 0.0001629478
0.6793333 0.0001630803
0.6705104 0.0001681609
0.6740526 0.0001709161
0.6575189 0.0001644828
0.6392524 0.0001623355
0.6250944 0.0001654215
0.6356455 0.0001731207
0.6792148 0.0001676384
0.7111277 0.0001607654
0.7225367 0.0001601146
0.7260068 0.0001538885
0.7244228 0.0001570052
0.7070879 0.0001590441
0.735302 0.0001573172
0.7325859 0.0001552148
0.7266883 0.0001517447
0.7499728 0.0001543541
0.7489817 0.0001561968
0.7806542 0.0001537391
0.8044848 0.0001581
0.7997198 0.0001526314
0.799449 0.0001609634
0.8088118 0.0001585325
0.8209768 0.0001634842
0.8536466 0.0001640785
0.8219367 0.000160512
0.8327003 0.0001563753
0.8202398 0.0001669431
0.7996332 0.0001644941
0.7959071 0.0001578964
0.7896159 0.000160161
0.7778509 0.0001564963
0.7891368 0.0001641888
0.79196 0.0001655973
0.7792488 0.00017015
0.7860034 0.0001709428
0.7402951 0.0001657056
0.7246262 0.0001652384
0.7576416 0.0001559997
0.7353585 0.0001581837
0.7099222 0.0001610892
0.675972 0.0001592117
0.6895886 0.0001674799
0.6427516 0.000166213
0.659112 0.0001597466
0.6344048 0.00016024
0.5951424 0.0001605819
0.5768183 0.0001575584
0.5826305 0.0001623988
0.6209218 0.0001641358
0.6350544 0.000164768
0.6407595 0.0001655727
0.6275012 0.0001606214
0.6352432 0.0001558605
0.6675968 0.0001582439
0.6364416 0.0001647701
0.6326269 0.0001591845
0.6414146 0.0001597323
0.6203666 0.0001646785
0.6200406 0.000157266
0.614415 0.0001622522
0.6007748 0.0001583349
0.5727947 0.000156726
0.5831027 0.0001612758
0.5967483 0.0001617122
0.6451934 0.0001591062
0.6539701 0.000158455
0.6071385 0.0001578223
0.604168 0.0001608154
0.6171094 0.0001636918
0.6191356 0.0001631372
0.5711291 0.0001682804
0.6093064 0.0001727706
0.6202754 0.0001706022
0.614199 0.0001726304
0.5969636 0.0001654683
0.5752399 0.0001750681
0.6105163 0.0001777519
0.5791658 0.0001768292
0.5637904 0.000171898
0.5254112 0.0001784586
0.4968989 0.0001810175
0.4747358 0.0001834219
0.4760083 0.0001835277
0.5049941 0.0001768954
0.5157353 0.0001831389
0.4908483 0.0001813913
0.5207597 0.0001920503
0.5185447 0.0001976904
0.514213 0.0002005532
0.5342912 0.000196441
0.5955351 0.0001998245
0.5780974 0.0002102483
0.5919635 0.0002083111
0.6008178 0.0002112081
0.6061428 0.0002188743
0.601909 0.0002135349
0.6234205 0.0002211745
0.6353492 0.000227819
0.6290616 0.0002258957
0.6483886 0.0002245926
0.6259047 0.0002148745
0.6052607 0.0002157342
0.6389402 0.0002079396
0.6448981 0.0002180289
0.6276812 0.0002262463
0.5846049 0.0002355299
0.6023924 0.0002350462
0.6102167 0.0002396101
0.6183479 0.0002391346
0.6614965 0.0002348273
0.6736887 0.0002375364
0.6589495 0.0002432495
0.6489313 0.0002499523
0.6379396 0.0002461552
0.6298558 0.0002513479
0.6105124 0.0002537853
0.6221038 0.0002552443
0.633793 0.0002525654
0.6175335 0.000250672
0.6195748 0.0002639232
0.5942682 0.0002619554
0.6217888 0.000262314
0.5784297 0.0002633168
0.5972039 0.0002798831
0.5849247 0.0002852384
0.5486852 0.0002821696
0.5476122 0.0002768191
0.5377959 0.0002921294
0.492428 0.0002909708
0.472661 0.0002848503
0.4396156 0.0002965859
0.4427055 0.0003096079
0.420332 0.0003032177
0.4127521 0.0003067749
0.4298995 0.0003179647
0.4290047 0.0003175743
0.3997467 0.00031113
0.4006386 0.0002973196
0.3979854 0.0003078235
0.4142448 0.0003216395
0.3986947 0.0003175412
0.3907334 0.0003205377
0.3805194 0.0003210006
0.3965879 0.0003235777
0.4213201 0.0003262206
0.4270534 0.0003157597
0.4271405 0.0002919418
0.4328272 0.0002893238
0.4131672 0.0002906922
0.4537461 0.0002818728
0.4612016 0.0002809737
0.461751 0.000290714
0.4699652 0.0002764681
0.4533801 0.0002787623
0.4669085 0.0002699476
0.4660618 0.0002650738
0.477216 0.0002757378
0.486991 0.0002707471
0.4900956 0.0002713399
0.5405628 0.0002693578
0.56985 0.0002645389
0.5910486 0.0002644653
0.6129036 0.0002554243
0.5939282 0.0002642493
0.6107173 0.0002449175
0.574015 0.0002303516
0.5826383 0.0002379985
0.5905524 0.0002353003
0.5852556 0.0002261971
0.6138133 0.000218983
0.6441595 0.0002275195
0.6373381 0.0002347326
0.6470385 0.0002334319
0.6419266 0.0002347008
0.6747222 0.0002344945
0.6930973 0.0002332159
0.7073694 0.0002353072
0.6977652 0.0002390763
0.6987744 0.0002365314
0.6541511 0.000235504
0.6478486 0.0002429959
0.6168664 0.0002502202
0.6381243 0.0002555226
0.6415093 0.0002465029
0.6693779 0.0002566664
0.6563904 0.0002585574
0.6667582 0.0002700431
0.6555288 0.00026825
0.6509656 0.0002689833
0.6080514 0.0002505397
0.6068274 0.0002527291
0.6047817 0.0002504484
0.6354588 0.0002496717
0.6258726 0.0002377379
0.6142127 0.0002344496
0.5796246 0.0002289411
0.6138143 0.0002241686
0.6384097 0.0002158161
0.6202144 0.0002102065
0.6375 0.0002102662
0.6404113 0.0001975977
0.6657019 0.0002030037
0.6866617 0.0002080438
0.6672551 0.0002089678
0.6578495 0.0002101999
0.6664712 0.0002103173
0.6394747 0.0002118269
0.6249179 0.0001970329
0.598787 0.0002019783
0.5742534 0.000196327
0.5931784 0.0001996542
0.6403687 0.0002071897
0.6459672 0.0002035373
0.6071622 0.0002061731
0.5657094 0.00020167
0.5391286 0.0001999223
0.5277432 0.0002079012
0.5411535 0.0002089887
0.5543127 0.000211693
0.5720819 0.0001918875
0.5642816 0.0001916895
0.5754585 0.0001904643
0.5427931 0.00018303
0.5073049 0.0001905429
0.5488794 0.0001950674
0.5580733 0.0001869972
0.6198468 0.0001918659
0.6477305 0.0001875056
0.6757512 0.0001789951
0.6720462 0.0001714768
0.7125833 0.0001713776
0.7337708 0.0001678956
0.7312955 0.0001656275
0.7334266 0.0001708348
0.7139851 0.0001675028
0.7377211 0.000171177
0.7684403 0.0001720794
0.7728863 0.0001723416
0.7512955 0.0001793258
0.7724023 0.0001765364
0.7360807 0.0001753753
0.7521153 0.0001734001
0.7499403 0.000176492
0.7172184 0.0001705467
0.74424 0.0001716797
0.7755902 0.0001718407
