0.3137608
0.2717249
0.3175331
0.3293523
0.3227762
0.321001
0.3131728
0.3236787
0.3298909
0.3118622
0.2578028
0.2535264
0.2869572
0.2838848
0.2918126
0.2944843
0.3173418
0.2752328
0.3033616
0.3742533
0.2877085
0.2829439
0.3010735
0.2559152
0.2465317
0.2816811
0.307011
0.2644471
0.2753529
0.2727745
0.319025
0.2768399
0.2930395
0.2736173
0.3054322
0.2752429
0.2927154
0.2539682
0.313507
0.2734165
0.2919057
0.2626622
0.2801903
0.2961314
0.2726696
0.3205297
0.2707809
0.2640935
0.2759831
0.2613205
0.278564
0.2780636
0.2580586
0.2787477
0.257978
0.2840698
0.2397523
0.2521196
0.3079098
0.2836586
0.2626609
0.2876381
0.2824319
0.2610688
0.2259158
0.2633099
0.2635079
0.2741332
0.2785971
0.2767184
0.2706878
0.3282069
0.2985975
0.3295235
0.2665555
0.2924667
0.2991147
0.2939076
0.2740119
0.287961
0.3213352
0.2973584
0.2660292
0.2884227
0.3169573
0.2990893
0.2948117
0.2905351
0.3084552
0.3533493
0.3209131
0.3358173
0.3389183
0.2848512
0.2648524
0.3020508
0.2674901
0.2686517
0.2728981
0.3042581
0.2807576
0.2461128
0.2397098
0.2808737
0.2865841
0.2829404
0.2728246
0.278209
0.2536204
0.2408464
0.259184
0.2675995
0.2616787
0.2701469
0.2672408
0.2647769
0.2483587
0.2884438
0.3060509
0.2821363
0.2953495
0.352736
0.3403756
0.2879643
0.3283924
0.2571228
0.2442141
0.2961853
0.3158364
0.2476882
0.2533637
0.2566849
0.227807
0.2475285
0.2483632
0.2785657
0.26106
0.2704537
0.2542697
0.2843569
0.2582411
0.2744906
0.2505143
0.2538925
0.2646366
0.2593282
0.2368849
0.2626753
0.2412839
0.2498787
0.2654113
0.2439513
0.2543665
0.2792945
0.2514123
0.2584067
0.2470735
0.2932215
0.2754113
0.2706232
0.2342831
0.2728152
0.2671372
0.2824028
0.261573
0.2779587
0.318032
0.2668865
0.2571987
0.2810295
0.2426277
0.2752426
0.3029263
0.286994
0.2806015
0.288359
0.2639098
0.2946764
0.2536154
0.2426721
0.2637097
0.2490459
0.2769084
0.2831698
0.2625327
0.2839031
0.3029078
0.2830264
0.308902
0.2612319
0.2687081
0.2616676
0.2694432
0.2703188
0.2908178
0.232968
0.2977726
0.2453345
0.2594325
0.2627557
0.2727688
0.2977283
0.2884244
0.2991323
0.2822198
0.2694727
0.2789919
0.3017946
0.2488353
0.2606423
0.2683855
0.2261792
0.2273169
0.2403946
0.2772947
0.2940287
0.268533
0.2388797
0.2348961
0.251575
0.2680808
0.2739409
0.2396601
0.2671597
0.3050597
0.2673425
0.2222524
0.2696578
0.2409903
0.2929353
0.3034585
0.2653385
0.3027466
0.2639221
0.2618716
0.3166995
0.2323322
0.2321022
0.2189993
0.2698935
0.2530841
0.2737389
0.2909246
0.284168
0.2987515
0.304935
0.2637561
0.2445978
0.2575672
0.2815713
0.2645442
0.299885
0.3480705
0.2616633
0.3096212
0.2877466
0.3284022
0.2646132
0.2973223
0.2735729
0.3205336
0.2472521
0.2331707
0.2349918
0.2838547
0.2289209
0.2683832
0.2371048
0.2724608
0.2558261
0.2895546
0.2878675
0.2562309
0.2340265
0.2321048
0.2751334
0.2512718
0.3066008
0.2363218
0.2527547
0.2666869
0.3507362
0.2515966
0.2726359
0.2718
0.2607237
0.2452746
0.2404611
0.2490937
0.2431172
0.2609222
0.274259
0.2571475
0.2619537
0.2738513
0.2507929
0.2562693
0.2858019
0.279306
0.2434813
0.2606308
0.2661235
0.2704692
0.2745879
0.2777622
0.2853284
0.2791305
0.2424624
0.2557609
0.2573597
0.2863683
0.3095312
0.2757987
0.2337225
0.2871481
0.2412054
0.3149811
0.2965057
0.257887
0.2884379
0.2717648
0.2629286
0.2885082
0.2606606
0.2560677
0.2879251
0.3329731
0.3295644
0.3009571
0.3050125
0.3244165
0.2678996
0.2951498
0.3029482
0.2851381
0.2687589
0.2434117
0.2682142
0.2670553
0.2455268
0.2868345
0.3185622
0.3169382
0.2729224
0.2504541
0.2493641
0.2714399
0.2564173
0.2571285
0.284421
0.2733832
0.2894968
0.2876626
0.2628299
0.2731347
0.2565286
0.2878218
0.2714031
0.2779747
0.3024433
0.2588464
0.2467292
0.2529547
0.2596502
0.2651636
0.2181989
0.2625838
0.2666484
0.2761421
0.2858143
0.2792655
0.2362483
0.2746726
0.2584864
0.2523448
0.2506843
0.2566381
0.2462962
0.2783471
0.2524387
0.2415825
0.2407436
0.2632103
0.3230913
0.2985257
0.2527351
0.229874
0.2349551
0.2299673
0.2208643
0.3014444
0.2543611
0.2372661
0.2458549
0.2634604
0.2581283
0.2695565
0.2828775
0.2749387
0.26198
0.271023
0.3025011
0.2865607
0.2435545
0.2648809
0.2506946
0.245922
0.2782703
0.2408114
0.3049624
0.2551223
0.2689162
0.2574376
0.2967331
0.2734348
0.2588645
0.2504512
0.2697512
0.2904563
0.2587181
0.2883912
0.2663171
0.2927679
0.241033
0.2432504
0.2831989
0.3033942
0.2817497
0.3094325
0.2846283
0.2774059
0.2566379
0.2225486
0.2735329
0.25592
0.2942922
0.2939251
0.2931363
0.249358
0.2342629
0.2310956
0.2913668
0.2949904
0.2974397
0.2577976
0.2864069
0.2317559
0.2654534
0.2429122
0.2789703
0.2914398
0.3127076
0.284835
0.3112998
0.2784354
0.2990514
0.2630188
0.2709846
0.2610349
0.2854275
0.2887714
0.2821505
0.3156105
0.2712595
0.2731572
0.2962531
0.2660655
0.2639455
0.2181972
0.2622352
0.2484925
0.2655594
0.2843858
0.2330148
0.255872
0.2765188
0.2550768
0.248466
0.2751953
0.2823331
0.3020212
0.3024427
0.2393589
0.2844812
0.281245
0.2381911
0.2733044
0.2903395
0.2203387
0.2465861
0.2483915
0.2635788
0.2926465
0.3105458
0.3094929
0.27429
0.2506051
0.261688
0.2719552
0.3099398
0.2682623
0.2923654
0.2433474
0.2321523
0.2595482
0.2516941
0.2714045
0.2791533
0.2528328
0.2370572
0.2330575
0.2399882
0.2193726
0.252854
0.3165683
0.2717672
0.2804018
0.2624919
0.2439124
0.264428
0.2722563
0.2833033
0.281351
0.2840682
0.2423914
0.2437367
0.2451397
0.2567501
0.2446668
0.2525884
0.2607482
0.2623154
0.2579784
0.2217839
0.217804
0.2115049
0.2479675
0.2617351
0.2540367
0.2539236
0.2793713
0.3418427
0.3090088
0.2797279
0.2481528
0.2641393
0.286763
0.2534644
0.2623491
0.2399105
0.2891949
0.2828678
0.2627098
0.2887233
0.2762734
0.2726684
0.2433297
0.2440394
0.3091541
0.2508948
0.2889042
0.27684
0.2330321
0.2696005
0.2670613
0.2794389
0.2589227
0.2776058
0.2771529
0.2400082
0.2511833
0.2385344
0.2444006
0.2695645
0.2871352
0.2847967
0.3016903
0.2963178
0.3066635
0.3030644
0.3026811
0.2890882
0.2760175
0.2919958
0.2704028
0.2708182
0.2629028
0.271759
0.2601333
0.2512233
0.236279
0.2250073
0.2951418
0.2733968
0.2486029
0.2691975
0.2556895
0.3010102
0.2720235
0.2645115
0.2757546
0.2712605
0.3109664
0.2626116
0.2600614
0.2518417
0.2613665
0.2462994
0.2288687
0.2679891
0.2477333
0.3043594
0.26487
0.2602787
0.2766425
0.2666338
0.2225067
0.3084686
0.2660997
0.2550758
0.236994
0.2556822
0.2776853
0.2890745
0.2706375
0.3068961
0.2621581
0.2684865
0.2509776
0.3004159
0.2957606
0.2744264
0.2681872
0.2889448
0.3094864
0.2994804
0.2857733
0.2774905
0.2905262
0.2591006
0.3043321
0.2613038
0.2692625
0.2299016
0.340261
0.2983739
0.2674033
0.2519905
0.2937247
0.3211755
0.2647527
0.2570741
0.2355415
0.2353664
0.2602313
0.237893
0.2452597
0.2815888
0.2625159
0.2844286
