-0.04851096
-0.1015299
-0.1052297
-0.1014632
-0.1189605
-0.1569266
-0.2243276
-0.2784056
-0.2360682
-0.2726596
-0.2821434
-0.2555147
-0.3051914
-0.3226804
-0.3077393
-0.3281888
-0.3435618
-0.3750086
-0.4151427
-0.3874583
-0.3612127
-0.4056479
-0.4287884
-0.3567741
-0.3305301
-0.3609544
-0.3716146
-0.340728
-0.3316631
-0.335212
-0.3714685
-0.3739627
-0.3816704
-0.3064513
-0.2662336
-0.2579907
-0.2761056
-0.2393109
-0.2973228
-0.340233
-0.3344707
-0.3320034
-0.2847267
-0.2550248
-0.2508253
-0.2389478
-0.2497565
-0.2561309
-0.2746529
-0.2351344
-0.2317772
-0.2000778
-0.2064226
-0.2205936
-0.225156
-0.1839695
-0.1950548
-0.216268
-0.1899036
-0.1618534
-0.1697226
-0.1525485
-0.1885365
-0.2308093
-0.2473088
-0.2903209
-0.2451335
-0.3035107
-0.3217356
-0.3167586
-0.2955249
-0.3015085
-0.3028716
-0.3113746
-0.3649148
-0.3805088
-0.4144264
-0.4054641
-0.441656
-0.4674114
-0.4906919
-0.4710976
-0.4407432
-0.449765
-0.4654733
-0.4451462
-0.4535113
-0.4839338
-0.4472935
-0.4145047
-0.4156846
-0.4394643
-0.4023184
-0.350571
-0.355933
-0.3438147
-0.3092089
-0.2854387
-0.2621773
-0.2519279
-0.2318393
-0.2142806
-0.2396759
-0.2246124
-0.2116282
-0.1881337
-0.1726289
-0.2116282
-0.2403101
-0.2051892
-0.2463957
-0.2401486
-0.2085691
-0.1893431
-0.1604153
-0.1856625
-0.1705345
-0.1759825
-0.2405775
-0.2481243
-0.2464135
-0.2869744
-0.2239896
-0.221263
-0.1539324
-0.1633272
-0.1972812
-0.2320907
-0.207567
-0.1850838
-0.1354126
-0.1620988
-0.1732701
-0.1242689
-0.1341515
-0.1053809
-0.1092495
-0.1029636
-0.1310175
-0.1812687
-0.1804598
-0.1288562
-0.1341729
-0.152956
-0.1635623
-0.1313862
-0.1062073
-0.1612358
-0.1215453
-0.119759
-0.08127636
-0.1514419
-0.1693558
-0.1616856
-0.195569
-0.1801236
-0.1349441
-0.08204663
-0.1349518
-0.1316054
-0.1181795
-0.09471402
-0.1000132
-0.1435179
-0.1751019
-0.2045285
-0.2220557
-0.2657191
-0.3084219
-0.3231349
-0.3342915
-0.3241083
-0.2967141
-0.326073
-0.344744
-0.314711
-0.3332718
-0.3316493
-0.3017142
-0.3002084
-0.3207059
-0.3445561
-0.411254
-0.4528263
-0.4671625
-0.4517191
-0.4121274
-0.3797023
-0.3789346
-0.3695774
-0.3641877
-0.4088154
-0.4570441
-0.5430251
-0.5302527
-0.5823338
-0.5518162
-0.5277111
-0.5909613
-0.5625846
-0.5612527
-0.5504603
-0.513236
-0.4924528
-0.4826099
-0.4575493
-0.4026411
-0.3918998
-0.4106678
-0.3686289
-0.383331
-0.3232359
-0.3166221
-0.3275544
-0.3492622
-0.2982285
-0.3411301
-0.3602629
-0.3364172
-0.3029581
-0.3218081
-0.3406828
-0.3134333
-0.3032433
-0.3416328
-0.3425344
-0.3817046
-0.3326665
-0.3166188
-0.3371569
-0.341166
-0.3649342
-0.4067903
-0.4140278
-0.3996754
-0.3875109
-0.3971756
-0.363097
-0.3325898
-0.3027342
-0.271089
-0.2580701
-0.2333028
-0.182889
-0.1526099
-0.1730308
-0.1534302
-0.121316
-0.1281352
-0.09794336
-0.07710447
-0.07097053
-0.09492086
-0.1337837
-0.1393799
-0.2040972
-0.2041334
-0.1953303
-0.1353234
-0.1671832
-0.1771883
-0.160859
-0.118754
-0.09124288
-0.1298551
-0.1526743
-0.1455944
-0.1584963
-0.1567403
-0.1447287
-0.131069
-0.1556097
-0.1400839
-0.1297973
-0.09392811
-0.09065546
-0.07341046
-0.1354343
-0.1383631
-0.1579135
-0.1588709
-0.1592462
-0.146253
-0.1230844
-0.1079036
-0.09432557
-0.07672713
-0.06849591
-0.0485997
-0.06519715
-0.08082952
-0.09776569
-0.07004517
-0.04628185
-0.08657553
-0.08880022
-0.09649567
-0.113529
-0.1130631
-0.1069447
-0.04905691
-0.05266625
-0.05386404
-0.04235664
-0.002471366
0.05991284
0.02142506
0.03648331
0.05550179
0.01205311
-0.008276975
0.01715171
0.03375941
0.02169664
0.05020086
0.02685582
0.03058608
0.05319875
0.1013136
0.08915085
0.1545889
0.1735947
0.2046295
0.2015664
0.1469356
0.1444896
0.144444
0.141469
0.1467878
0.173757
0.171105
0.1624217
0.1616021
0.1871354
0.2093939
0.2266158
0.2101537
0.2074128
0.2568189
0.2679002
0.2772773
0.2401064
0.2082134
0.2297394
0.261066
0.2727819
0.2555552
0.3096546
0.3258193
0.3095958
0.2948394
0.2840807
0.3124736
0.3128232
0.2959844
0.2922637
0.2774388
0.2584123
0.2792701
0.2684932
0.2564443
0.2679476
0.2945939
0.2745896
0.278582
0.3175705
0.3156837
0.3163544
0.3209588
0.3310257
0.3472557
0.3546116
0.3487749
0.3409739
0.3304463
0.3538771
0.3024955
0.3056698
0.3279541
0.3498426
0.3253631
0.3605871
0.4082361
0.4015411
0.3697726
0.3615645
0.4014397
0.4061279
0.4487549
0.4680673
0.4224868
0.3924964
0.3970727
0.3446446
0.3502939
0.3338488
0.3663893
0.3735534
0.3617204
0.4237961
0.4103688
0.4202023
0.4426455
0.4272089
0.4648885
0.4493673
0.461605
0.4769414
0.4501767
0.4289537
0.4112743
0.3745269
0.3727356
0.3588535
0.4077477
0.3955251
0.3944098
0.4245718
0.456309
0.4762949
0.4642027
0.4788776
0.4827402
0.497451
0.5195679
0.472721
0.5091572
0.5482003
0.5627179
0.5873204
0.5367949
0.5574227
0.579215
0.5680007
0.5523437
0.5194367
0.5486918
0.5788148
0.5936757
0.5410494
0.538382
0.483447
0.4547907
0.393169
0.3985561
0.383486
0.3660857
0.3729183
0.3814701
0.411403
0.4109369
0.4309394
0.4400549
0.4660193
0.4867533
0.4578555
0.4618804
0.4705272
0.5492552
0.5692145
0.5572847
0.5688811
0.5639003
0.5823871
0.6343185
0.5885892
0.6100084
0.5569361
0.5473307
0.5664137
0.5931138
0.5643049
0.5581717
0.5385448
0.5131377
0.5303626
0.5355105
0.5331511
0.5292667
0.516961
0.5204724
0.5487489
0.5589823
0.5444375
0.5547567
0.5717429
0.5216194
0.5219017
0.5209833
0.5439992
0.5570429
0.5988606
0.5998145
0.5918448
0.5982424
0.5987516
0.6193491
0.6311213
0.6839912
0.6417247
0.6597136
0.6671371
0.662325
0.6825788
0.6731981
0.6228236
0.6173068
0.5975744
0.608842
0.6300635
0.5886083
0.6602376
0.6699341
0.6410891
0.6102227
0.6256538
0.6524262
0.6284628
0.6118967
0.6129263
0.6100263
0.6328435
0.5877526
0.5843323
0.5458484
0.5907469
0.5746609
0.624401
0.646943
0.6299936
0.6122812
0.5652603
0.5864582
0.5869467
0.536272
0.5311679
0.5415674
0.5273009
0.4802054
0.4314317
0.4124065
0.3962164
0.4160573
0.4340359
0.4070902
0.4101382
0.435496
0.4154147
0.3942174
0.4005646
0.4048953
0.4371768
0.4232481
0.4635055
0.5125532
0.4805077
0.5014541
0.5279227
0.5283305
0.5863315
0.593339
0.6227699
0.654433
0.662733
0.6622494
0.6612582
0.6253679
0.6470629
0.6510898
0.6728821
0.6989681
0.6945531
0.6818611
0.7307336
0.7122012
0.6870068
0.6699655
0.6925161
0.7233756
0.7670423
0.7798632
0.8102994
0.8386198
0.8733594
0.8688909
0.9054562
0.9158412
0.9116221
0.9131828
0.9191234
0.861745
0.7873336
0.8117025
0.795955
0.8171142
0.7839525
0.7447256
0.759099
0.7375619
0.7478071
0.7649441
0.778244
0.7941069
0.8549272
0.8264579
0.8288281
0.8176195
0.8107624
0.82603
0.8412158
0.8301177
0.7706398
0.7520695
0.7245583
0.7451165
0.7031389
0.6969485
0.6625804
0.6582245
0.658319
0.6965469
0.7253706
0.7139957
0.6525715
0.6818325
0.7368052
0.7718798
0.7296899
0.7532208
0.7320606
0.734352
0.7477178
0.7810152
0.7927868
0.8073646
0.7620263
0.7492948
0.7268102
0.7099165
0.6971226
0.6611289
0.6615444
0.7092412
0.6877399
0.719547
0.6969663
0.7097156
0.7044599
0.6788711
0.665944
0.6437984
0.6402781
0.6396598
0.7136662
0.7122104
0.6637258
0.6414813
0.6895467
0.6612784
0.6816611
