0.1466552
0.143049
0.1469943
0.1418862
0.1444749
0.153506
0.1533695
0.1472189
0.1295135
0.1524418
0.12976
0.1411106
0.1468386
0.1562639
0.1419897
0.1425008
0.1403527
0.1564899
0.1472193
0.1471427
0.1533032
0.1488449
0.1444438
0.1434486
0.1532851
0.1378597
0.1515517
0.1490566
0.1402808
0.1429644
0.1445177
0.134134
0.1290585
0.1433612
0.1427828
0.1409505
0.1463982
0.141815
0.138988
0.1367307
0.1385617
0.1420703
0.1380942
0.151109
0.1512923
0.146421
0.1469867
0.1428752
0.1506688
0.1377518
0.1406966
0.1398335
0.142054
0.1478032
0.1384809
0.1515107
0.1542252
0.1453325
0.1344554
0.1332744
0.1345181
0.1279427
0.1397791
0.1519825
0.1392025
0.1509977
0.1418672
0.1497368
0.1337438
0.1495591
0.1413158
0.1411022
0.1415081
0.1400827
0.1472173
0.1328292
0.1435316
0.1378717
0.140353
0.1436796
0.1441507
0.1443557
0.1420884
0.1466631
0.1452099
0.1369672
0.1444096
0.1367555
0.1314144
0.1385064
0.1361106
0.1454809
0.1384413
0.1444298
0.1370677
0.1422119
0.1396505
0.132062
0.1441501
0.149981
0.150001
0.1383315
0.1407893
0.1457879
0.147279
0.1329306
0.1456922
0.1350907
0.1316217
0.1405855
0.1467947
0.1500275
0.1371752
0.1499116
0.1386636
0.1442777
0.1513524
0.1442982
0.1406238
0.1339683
0.1569109
0.140986
0.1498812
0.1409882
0.141794
0.1439116
0.1400931
0.1416843
0.1505003
0.1379682
0.1510479
0.1342119
0.1352091
0.142943
0.1498908
0.1531707
0.1411779
0.1444744
0.1419928
0.1469295
0.1399571
0.1498886
0.1409882
0.1364707
0.1422498
0.1448785
0.1412325
0.1362154
0.1421993
0.1508197
0.1456437
0.1458706
0.1423357
0.1513329
0.1469683
0.1470594
0.1391307
0.1421938
0.1465296
0.1400154
0.1421253
0.1384286
0.1386825
0.1493958
0.1442989
0.1346207
0.1465899
0.142867
0.1461427
0.1393561
0.1394887
0.1338691
0.1448498
0.146152
0.1407687
0.1447832
0.1454273
0.1398188
0.1441045
0.1448499
0.1365688
0.1326118
0.1324278
0.1461452
0.1515255
0.1426898
0.1434483
0.1393913
0.1471414
0.1361174
0.1538584
0.144336
0.140214
0.144108
0.1426747
0.1477954
0.1380421
0.1453665
0.1448324
0.1508848
0.1455387
0.1425066
0.1466105
0.1503341
0.1538927
0.1388801
0.1449884
0.1353685
0.1487747
0.1298596
0.1571868
0.1474543
0.1468295
0.1550175
0.1463128
0.1426304
0.1496442
0.1464664
0.1459597
0.1355248
0.1460183
0.157462
0.1443628
0.1398371
0.1403214
0.1556475
0.1523241
0.1450707
0.1434277
0.1324904
0.1364005
0.1498563
0.1475855
0.1456357
0.1464508
0.1488008
0.1507899
0.1425023
0.1387128
0.1447877
0.1570552
0.1451661
0.1385593
0.1406511
0.1540186
0.1478292
0.1406645
0.1471101
0.1434624
0.144041
0.1397248
0.1402551
0.1381791
0.1427527
0.1435591
0.1383135
0.1400896
0.1365005
0.1414003
0.140731
0.1438781
0.1587834
0.1323591
0.1471858
0.1416955
0.1431694
0.150215
0.1597514
0.1428433
0.1404414
0.1472104
0.14468
0.1391156
0.1607142
0.153156
0.1510342
0.1399824
0.1405434
0.1375441
0.1554089
0.1518783
0.1483429
0.1425066
0.1470229
0.1436624
0.1381136
0.1349385
0.1500003
0.1462679
0.1430232
0.1484944
0.1432406
0.1423036
0.137546
0.150385
0.1480668
0.1494993
0.1474159
0.136712
0.1502844
0.1334425
0.1462857
0.1430115
0.1382124
0.1473527
0.1509487
0.1353699
0.1375053
0.1373216
0.1427796
0.1404464
0.1436344
0.1424334
0.1500006
0.151615
0.1438523
0.140388
0.1407377
0.1501879
0.1375351
0.1489224
0.1539329
0.1405082
0.1594031
0.1396709
0.1487893
0.1421782
0.1490513
0.1392411
0.1421466
0.1450294
0.1333338
0.1566424
0.1418467
0.1505936
0.1478829
0.1429192
0.1397093
0.1481584
0.1448167
0.1451341
0.1448034
0.1319548
0.1507824
0.1414422
0.1438647
0.1495925
0.142998
0.1406557
0.1423131
0.1422612
0.1398978
0.1437184
0.1505249
0.1370202
0.145689
0.1422446
0.1382473
0.1525022
0.1471219
0.1513979
0.147348
0.1517648
0.1421088
0.1536881
0.1453598
0.1367806
0.143478
0.1468084
0.1343778
0.1465602
0.1489271
0.1560664
0.1451589
0.1446981
0.1359209
0.1515352
0.1436332
0.141823
0.1356348
0.145571
0.141773
0.1342493
0.1459537
0.1385523
0.1358137
0.1431884
0.1380822
0.1440517
0.1496023
0.1488222
0.1417098
0.1412654
0.1437897
0.1430599
0.1439264
0.1330783
0.1504784
0.14131
0.1461659
0.1364074
0.1428613
0.1498105
0.1350206
0.137345
0.1567347
0.1396165
0.1531533
0.1539161
0.1452621
0.1576385
0.1431047
0.1443641
0.1435561
0.1528286
0.1445245
0.134889
0.1547026
0.1537037
0.1422674
0.1354607
0.1491248
0.1459632
0.1497935
0.1407838
0.1401934
0.1470091
0.1513602
0.1364965
0.1540654
0.1445812
0.1378702
0.1471206
0.1447072
0.155174
0.1333427
0.1546572
0.1336381
0.1418222
0.1411836
0.1418396
0.1383855
0.1355239
0.1477209
0.1469057
0.1520808
0.1598148
0.137755
0.1558007
0.1454379
0.1432298
0.1485039
0.1366856
0.1451039
0.1484973
0.1333111
0.1358914
0.1455861
0.1446717
0.1413668
0.1339358
0.1417988
0.138847
0.1435831
0.1445434
0.1395576
0.1444648
0.1447064
0.1504604
0.1487318
0.1492522
0.1521258
0.1478439
0.1479452
0.1445895
0.1469987
0.145324
0.1466061
0.1405078
0.1479406
0.1433049
0.1460265
0.1535948
0.1445337
0.1463451
0.1456161
0.1467828
0.1382794
0.1464518
0.1425142
0.1367501
0.1461305
0.1496278
0.149621
0.1359677
0.1441463
0.1443003
0.147387
0.1420749
0.1475075
0.1437155
0.1559263
0.1516242
0.1409046
0.1437028
0.1601248
0.140627
0.1354266
0.1411454
0.137553
0.1458057
0.1400962
0.1484198
0.1546567
0.1560754
0.1416516
0.1361676
0.1353717
0.1464361
0.1379643
0.1466867
0.1415771
0.1421999
0.1420115
0.1501643
0.1479819
0.1441232
0.1520544
0.1383288
0.1487029
0.1353977
0.1493993
0.1543558
0.1466388
0.156935
0.1535951
0.1669999
0.1532841
0.1385087
0.1451499
0.1407574
0.1412904
0.1284521
0.1409855
0.1372465
0.1554101
0.1439643
0.1443768
0.1417398
0.146555
0.1341182
0.1453967
0.1543212
0.1396349
0.1508353
0.1491716
0.1351983
0.151027
0.1361429
0.1470573
0.1547209
0.1489989
0.148002
0.1470899
0.1447196
0.1404428
0.1454501
0.1452254
0.1471405
0.1373351
0.1518759
0.1450538
0.1480914
0.1405252
0.1535623
0.1458598
0.1442211
0.1485519
0.1318526
0.1459469
0.1506603
0.1515931
0.1395456
0.1433697
0.1480312
0.1380562
0.1458515
0.1490619
0.1489771
0.1516034
0.1347264
0.1480902
0.1413418
0.1383139
0.1520013
0.1442187
0.1425784
0.1446225
0.1431643
0.1496907
0.1411641
0.1419362
0.1478786
0.144223
0.1367582
0.1431757
0.1442259
0.1446532
0.144744
0.1453314
0.1446251
0.1378327
0.1588773
0.1435515
0.1450384
0.1451466
0.1419262
0.1472104
0.1457025
0.1444925
0.1505856
0.1458471
0.1447806
0.1456471
0.141617
0.1459578
0.1507993
0.1413054
0.1520197
0.1496658
0.1485819
0.1397741
0.1522712
0.1412334
0.1462936
0.1424279
0.1389379
0.1375242
0.1470262
0.1471086
0.1351482
0.1396002
0.1527001
0.1451792
0.1362251
0.1495209
0.1439782
0.1500354
0.1514216
0.137162
0.1530298
0.1413233
0.1505643
0.1532249
0.1535893
0.1421185
0.1384559
0.1474478
0.1412285
0.1482558
