0.2991167
0.269205
0.5436433
0.3902533
0.2795335
0.3292753
0.530806
0.5059005
0.4917298
0.4500766
0.6576135
0.3544363
0.426104
0.432218
0.2848644
1.093487
1.489101
0.7018713
0.7003693
0.4674271
0.6608754
0.535905
1.021625
0.6006845
0.4618648
0.879751
0.3132965
1.393626
0.5984037
0.4975867
0.6200948
0.5973289
0.883117
0.6547534
1.22149
0.4399932
0.6842041
1.090725
0.4682698
0.4221155
0.5717119
1.058538
0.6211911
0.5341116
0.5382395
1.033917
0.5568765
1.075994
0.7406408
0.4345462
0.5287039
0.3997295
1.069698
0.5045871
1.770133
1.903059
1.041294
0.5093071
0.9206805
0.7238136
0.6767076
0.7073291
0.7554168
0.5831684
0.4033828
0.2468613
1.108776
1.426922
0.5738754
1.464137
0.7051414
0.9139428
0.5854584
0.3235941
0.7326529
0.6518316
0.7155663
1.600567
0.8197025
1.974369
1.760834
0.7612333
0.2333113
0.3415497
0.582679
0.5072275
0.9269211
0.716866
1.127743
0.8502835
0.7717461
0.9680087
1.375961
1.045116
0.3138014
1.096385
0.4353997
0.6593335
1.276609
0.8601523
0.6841305
1.419211
0.4565614
0.4772447
1.320831
0.6505454
3.472044
0.4934032
1.228931
0.5878877
0.3585806
1.928627
0.6791622
0.8712887
0.2961634
1.306401
0.477682
0.5937596
0.8123783
0.3226161
0.3310488
0.4079351
0.4688393
0.4345224
0.5661633
0.7517969
0.9580811
0.8750458
0.3307644
1.174392
0.3689578
0.3926779
0.5301343
1.709127
0.6949949
0.6214447
0.6380867
0.2878005
0.4314654
0.6816475
0.7260967
1.590129
0.9874434
0.8647328
0.4625824
0.7023778
1.530956
0.5366
0.4146245
0.9138209
0.471737
0.7393066
0.5658033
0.3638019
0.4622168
0.7186745
1.484812
0.5444174
0.7611906
0.881822
0.9583197
0.3116691
1.395858
0.8275401
0.64874
0.6292091
0.5933854
0.5879998
0.857844
0.6086876
1.451867
0.7700394
0.7573805
0.8154279
0.4906014
0.6728725
0.5927962
0.3570094
0.60908
1.237871
0.8503508
1.13281
1.176583
0.7461174
0.482695
0.873504
1.057967
0.5234109
0.9179557
1.616683
1.409399
0.2653128
1.224443
0.645112
0.730784
0.7218723
0.4617
0.377979
0.9263089
0.671391
0.507297
0.6904188
0.3496597
0.8219806
0.5263395
0.5268087
0.6997878
0.5304788
0.4644749
0.4155035
0.4902353
0.5505868
1.419818
1.415784
0.7144899
0.3050141
0.4163851
0.4850424
0.3671117
0.4377336
0.8500537
0.249414
0.4562222
0.3923389
0.6894943
0.6490615
0.6505079
0.8190429
0.4173276
0.6580477
0.3372724
0.3614068
0.6391903
1.186372
0.5408993
0.3955294
0.6809974
0.4848805
0.6669878
0.6549312
0.4234851
1.01411
0.7139775
1.204647
1.117493
0.8011128
0.3582108
1.656325
1.577981
0.9722222
1.257197
0.8262049
0.900671
0.5192273
0.6609528
0.6095207
0.4788942
1.15545
0.8575019
0.58814
1.751645
0.4421879
0.3844495
0.312539
1.286344
0.4595776
2.157752
0.5736425
0.6915652
0.5149969
0.5650276
0.5459958
0.782773
0.6743291
1.133867
0.4000184
1.320438
0.774874
0.7323219
0.5026779
0.4012569
2.106745
1.014352
0.6649245
0.8453401
1.552175
0.6794519
1.076034
0.873882
0.6501769
1.088894
1.099909
0.675444
0.4062944
0.9026418
1.072491
1.278286
0.7293893
0.6188536
2.171284
0.6556933
1.650675
0.9877187
1.869593
0.7630227
2.053261
0.9801319
0.5966989
1.381787
0.5913377
0.9961965
0.8096387
0.8259713
1.037502
0.5040169
0.6501441
0.5695103
0.753432
0.6277761
1.315439
0.4987766
1.01598
0.9807048
0.9898077
0.7726535
0.7253248
0.4168493
2.830514
1.182923
0.5794958
0.652821
2.232856
0.6086205
0.8681632
2.121099
1.584401
0.815201
0.2676376
0.443174
0.7455413
0.6688223
1.097654
0.4376755
0.6129863
0.7391889
1.400104
0.9921225
0.8600795
1.06001
0.9986722
0.3630741
0.537907
0.8862954
0.767152
0.4056272
1.153259
1.037554
1.281475
2.160209
2.617779
0.5328029
0.5656415
0.7553308
0.8734943
0.7212407
1.322224
0.72113
0.4426161
0.9385592
0.7416858
0.7664032
0.529421
0.691707
1.183082
0.3092463
0.59701
0.8428852
0.6531373
1.024882
0.7689577
0.7754979
0.8550161
0.6997532
0.6774575
0.6806418
0.5136624
0.7292815
2.925209
0.4366978
0.639661
0.8328113
1.69231
0.3334489
0.8804579
0.673201
0.3495093
1.100791
0.4778071
0.5693309
0.6967656
0.8327411
0.6061755
0.6079189
0.6639603
0.772919
0.5638863
1.281527
0.7200697
0.4451716
0.9517014
2.337231
0.5082641
0.4231303
0.3166591
0.6854358
0.5616471
0.5471252
0.4546635
0.5597788
0.8935648
0.8493781
0.4782615
0.7498731
0.5040111
1.226233
1.175413
0.5518934
1.008995
0.8589432
0.6661985
1.002327
1.094919
0.3826919
0.7022054
0.4028849
1.039175
0.9978435
0.496117
0.5589471
0.8383166
0.5211249
0.4021797
0.3675137
0.8638745
0.4416067
0.9612229
0.9991932
1.2262
1.529378
1.482113
0.6864544
0.4840899
1.049906
0.8017781
0.6039738
1.439841
0.7564863
0.7456316
1.230134
0.4801323
0.5035818
0.5531352
0.5968579
1.040899
0.6488425
0.5999238
0.4707634
0.648139
0.7376504
1.166084
1.63188
0.9189982
0.9043755
0.4804348
0.7304029
0.7339706
1.019887
0.833323
0.8865092
0.5361549
0.9755078
0.9552413
0.6325724
0.6554911
0.7079744
0.5879201
1.069388
0.4532542
0.4388323
0.6107978
0.4353159
0.5698251
1.351161
0.4792608
0.9410438
1.128741
0.4621795
0.8274978
0.7089222
1.25572
0.532878
1.497394
2.70027
1.352182
0.2705896
0.8465975
1.118916
0.8606674
0.9676098
1.035608
0.827753
0.9304149
1.2248
1.154573
0.5051546
1.166322
1.593929
0.4648845
0.5991351
0.46589
0.5685828
0.2768223
0.5457436
0.3431331
0.9416152
0.4288518
0.5760564
0.4986773
1.090656
0.7232741
0.353836
0.7379043
0.6487808
0.5965017
0.7089596
1.112148
0.7252005
0.7628784
1.792506
0.6853712
0.6846967
0.539882
1.61788
0.6263785
0.5461643
0.4900018
0.846246
0.6377089
0.4639834
0.9314906
1.513829
0.6269737
1.438857
1.3198
0.4106826
1.70042
0.7342648
3.000447
0.5122538
0.5955038
0.507607
1.264221
1.155057
0.4821447
0.5175595
1.613274
0.8617189
0.6638154
1.251272
0.5784616
0.6878228
1.001395
0.4711809
0.6080887
0.8209281
0.5558329
0.7855986
0.7374669
0.8461995
0.4425661
1.261723
0.8391967
0.5217228
0.4091898
0.4843281
0.5115196
0.6852558
0.3907028
0.6784506
0.5722925
0.7474844
0.8198514
0.461637
0.5935723
0.8901375
0.5834247
0.5233042
0.4138911
3.297794
0.9377326
0.9722691
0.508757
0.4128717
0.929398
0.4902435
1.158842
0.3791433
0.567522
1.451132
0.9836756
0.6061512
0.575236
0.35149
0.5242759
0.7138016
0.8771166
0.5228897
0.6441551
0.5185353
1.176465
0.4992054
0.8266852
0.6412059
0.5922557
0.7006817
0.6804535
0.415388
0.4641907
0.7791341
0.9885793
0.313284
0.2865291
0.4459891
0.6922348
2.235951
0.7194148
0.2792395
0.5000806
0.3007104
0.8363369
1.894775
0.3944827
0.4614771
0.6435353
1.085533
0.7585001
1.292533
0.432126
0.7932229
1.69864
0.5634974
1.282709
0.9172441
0.4945354
1.119808
0.8698767
0.9159693
0.6868185
0.8494569
0.5169673
