0.2812803
0.2963533
0.2230857
0.2869993
0.2827909
0.3021903
0.2846999
0.2598258
0.2857796
0.3184976
0.3430813
0.3321567
0.2689108
0.2528855
0.2915411
0.272642
0.2803003
0.2769097
0.2607003
0.2900434
0.2801095
0.2730842
0.2775185
0.2472989
0.2584447
0.2571788
0.235056
0.2440514
0.2669748
0.286666
0.2681825
0.2286435
0.2691074
0.2538143
0.2302789
0.2441097
0.2610745
0.2686853
0.2209768
0.259224
0.2430901
0.253783
0.2725306
0.2405865
0.2474835
0.2467403
0.2542956
0.2688683
0.2277543
0.2644073
0.2845994
0.2442475
0.2402579
0.2363164
0.2464805
0.2608949
0.2325843
0.2562968
0.2487285
0.2941645
0.2842693
0.3102017
0.2937494
0.2525959
0.2584427
0.2694058
0.236968
0.3171245
0.2741465
0.2764049
0.3036334
0.2951452
0.2421142
0.2453206
0.2673003
0.2520373
0.2578061
0.240849
0.245026
0.2348125
0.2189793
0.2277135
0.2310671
0.247881
0.2109305
0.2181489
0.2274543
0.2456838
0.2264302
0.2106347
0.2278622
0.2808461
0.2788025
0.23423
0.243831
0.2493672
0.2446878
0.2740351
0.2820967
0.2675576
0.2606748
0.2807932
0.2820321
0.2938488
0.2872128
0.2796437
0.2927609
0.3146657
0.3062093
0.2497344
0.2847999
0.2364706
0.268134
0.2527937
0.2485484
0.2319303
0.2590845
0.2900469
0.241215
0.2578706
0.2423732
0.2972989
0.2409418
0.2318842
0.2677008
0.2487934
0.250701
0.2702749
0.2494935
0.2610289
0.2412758
0.2349008
0.243621
0.2557303
0.2880652
0.2744765
0.2405671
0.2379188
0.2635894
0.2717748
0.2787265
0.3120373
0.3098196
0.3138515
0.2922218
0.2883671
0.294517
0.3008688
0.2447501
0.2311084
0.2393212
0.233948
0.2876889
0.2356019
0.2393054
0.2706754
0.2748355
0.2969964
0.2372267
0.2558988
0.2292633
0.2545129
0.2690761
0.2850181
0.2858772
0.2590157
0.2489588
0.288815
0.2853814
0.2444771
0.2437951
0.2702009
0.2334312
0.2327863
0.2442112
0.2474785
0.2206671
0.2394143
0.2175779
0.2286105
0.2446271
0.2872535
0.283724
0.2417789
0.2441534
0.2178724
0.2439483
0.2459153
0.2315752
0.2730991
0.2879153
0.2550325
0.2569939
0.2520465
0.2310311
0.2478786
0.2440836
0.2239056
0.2442695
0.282766
0.2782745
0.2707556
0.2292039
0.2378057
0.2438083
0.2658827
0.268822
0.2555392
0.2767433
0.2939455
0.2266669
0.2931137
0.2425772
0.2126416
0.2381141
0.2529547
0.2620015
0.2813087
0.2525026
0.2297305
0.2220528
0.2570309
0.2471618
0.2732005
0.2761071
0.2398602
0.2694133
0.2748015
0.2591544
0.2656815
0.2321957
0.2734896
0.2782623
0.2713485
0.2443798
0.2743675
0.2840419
0.3167893
0.3100529
0.2873858
0.2702254
0.2777061
0.263355
0.2579765
0.2545446
0.2364338
0.2235525
0.2283978
0.2511258
0.2790545
0.2619245
0.2199689
0.2634795
0.2413245
0.2804102
0.2112246
0.2402973
0.2376019
0.2956203
0.2956653
0.2657368
0.283918
0.2660459
0.2821409
0.2510697
0.2499447
0.2819648
0.2751435
0.2583378
0.2574661
0.2664778
0.2464785
0.2392679
0.2552139
0.209111
0.2320365
0.2075545
0.2565463
0.2432543
0.2434771
0.2628235
0.2467608
0.2591183
0.2473458
0.2947595
0.2405591
0.2829043
0.2354658
0.2415829
0.2562757
0.2790003
0.2563121
0.2679548
0.2463813
0.2359231
0.2182939
0.245143
0.2585361
0.2426554
0.2147518
0.2745617
0.2764618
0.278914
0.2450862
0.2568473
0.2356751
0.2762969
0.2972927
0.2931071
0.268344
0.2989333
0.2794318
0.2903457
0.2720005
0.2616762
0.2823942
0.2689768
0.2800385
0.2696335
0.2734385
0.2661234
0.2417135
0.2465549
0.2685216
0.2786148
0.2535482
0.2590239
0.2579329
0.307629
0.2888945
0.2376837
0.2400882
0.2698541
0.2332816
0.2739148
0.2728126
0.3126533
0.2590063
0.2622175
0.2484574
0.2474236
0.3012673
0.2559863
0.2682395
0.2963476
0.2948601
0.2691717
0.2829902
0.2304718
0.2497901
0.2364193
0.2428714
0.2384615
0.2972508
0.2348899
0.2653171
0.2427869
0.2524648
0.2755694
0.249765
0.2275691
0.2693291
0.2575741
0.3039015
0.2515144
0.2716378
0.2630055
0.2354923
0.2450159
0.2804463
0.3048094
0.2700237
0.2598296
0.2930642
0.2632944
0.2622664
0.2404656
0.2719326
0.2925744
0.2431792
0.2905876
0.2495614
0.2819498
0.2685999
0.2645271
0.2476582
0.2460343
0.2319085
0.2265815
0.2544907
0.2523965
0.2178983
0.2664623
0.2584229
0.2573525
0.2234853
0.2474335
0.2379758
0.3093768
0.293837
0.2918341
0.2642541
0.3180812
0.2838577
0.2641034
0.2878454
0.2326158
0.2543656
0.2804718
0.2518607
0.2515681
0.2521693
0.2415463
0.279452
0.3201136
0.2666044
0.2447348
0.2326586
0.2490506
0.2611648
0.2317708
0.2550537
0.2642648
0.2749752
0.2894419
0.2821932
0.2420326
0.2470049
0.2842353
0.2091904
0.227404
0.2494092
0.2523491
0.2363611
0.2522018
0.2779964
0.2664706
0.2186861
0.2906641
0.2737652
0.2256371
0.2478723
0.2433642
0.2540223
0.2156149
0.2496787
0.2424899
0.2307662
0.238599
0.2679989
0.3014644
0.2973088
0.2812777
0.2691876
0.2620377
0.2636824
0.2490305
0.282747
0.2986127
0.2427532
0.2659704
0.2601579
0.2621861
0.2473644
0.2667435
0.2914357
0.2437125
0.2347589
0.30146
0.2757658
0.2258049
0.2590611
0.2359817
0.2739529
0.2704931
0.2603567
0.2653591
0.2612823
0.2491129
0.258911
0.2328205
0.2771012
0.2610125
0.280899
0.2213468
0.2396085
0.2257187
0.2272743
0.2916008
0.2558662
0.2349267
0.2909084
0.2935187
0.2902592
0.2769761
0.2461262
0.22499
0.2672559
0.2712897
0.2919602
0.2915914
0.2733805
0.2518563
0.2406307
0.2677531
0.2365459
0.2801399
0.2748306
0.2540148
0.2639827
0.286657
0.2385798
0.2710118
0.2669006
0.2347007
0.2928784
0.2862516
0.2723052
0.3208373
0.3023656
0.2434889
0.2714869
0.2836364
0.3080167
0.2777831
0.2933572
0.3171609
0.2959952
0.2695298
0.2833696
0.2477139
0.292165
0.2671164
0.2524821
0.2997219
0.2752428
0.2579604
0.2300933
0.246746
0.3176568
0.2596359
0.2205846
0.2802929
0.2826783
0.2496212
0.2762441
0.2122095
0.2773559
0.2996984
0.2890294
0.228534
0.21319
0.2310953
0.2409517
0.2670749
0.2793084
0.3044067
0.2821366
0.2649257
0.2289999
0.2367186
0.2435835
0.2602476
0.2549387
0.2454172
0.2400694
0.2817219
0.2635953
0.2643647
0.2333492
0.263281
0.2566355
0.254819
0.2608707
0.2548795
0.2815633
0.2442038
0.27161
0.2512463
0.3146741
0.2620714
0.2446581
0.2909154
0.2462808
0.2273886
0.2548855
0.2471743
0.2805996
0.2758504
0.256153
0.247499
0.2237904
0.279586
0.2620144
0.2475202
0.2315214
0.2915102
0.2923341
0.2798819
0.2760889
0.2986432
0.2641236
0.2340249
0.2300066
0.272194
0.283887
0.2826076
0.2929506
0.261171
0.2217511
0.2657252
0.2520948
0.2160133
0.284081
0.2732438
0.2385426
0.2369933
0.2866784
0.2422454
0.286938
0.2487636
0.2721688
0.2673841
0.2454269
0.2667541
0.2706284
0.2645088
0.2653633
0.293557
0.2412865
0.2349988
0.2442059
0.2366864
0.2423763
0.2379415
0.275995
0.2716019
0.2892706
0.2313078
0.2526985
0.2782372
0.3053675
0.2628565
0.2680019
0.2519707
0.2724852
0.3054101
0.303701
0.3291831
0.2902091
0.2529329
0.2803063
0.2397451
0.2505725
0.2260149
0.2306499
0.245904
0.2551237
0.2329268
0.2323826
