probIn scale
0.5038668 9.675496e-05
0.5259518 9.743246e-05
0.5228025 9.860496e-05
0.5063736 0.0001019674
0.4917459 0.0001018637
0.5178489 0.0001015221
0.5048483 0.0001003285
0.4801058 0.0001014562
0.4782053 9.842754e-05
0.4689997 9.958581e-05
0.4606395 9.680523e-05
0.4731282 9.494382e-05
0.478061 9.553064e-05
0.491803 9.655274e-05
0.5007759 9.619627e-05
0.5237514 9.598631e-05
0.5174946 9.665619e-05
0.4900568 9.636699e-05
0.4865246 9.828426e-05
0.4945279 9.799569e-05
0.4958541 9.802626e-05
0.4956771 9.891114e-05
0.4980461 9.691636e-05
0.4861974 9.542318e-05
0.4817125 9.512929e-05
0.4946238 9.673956e-05
0.5116049 9.73331e-05
0.505797 9.909821e-05
0.50926 0.0001001873
0.4877079 0.0001020985
0.4781547 0.0001044254
0.4822908 0.000105677
0.4994768 0.0001070431
0.4993731 0.0001077615
0.5038723 0.000105884
0.5101164 0.0001055977
0.519322 0.0001035969
0.532879 0.0001037312
0.5163212 0.0001028213
0.5348513 0.0001030476
0.5302484 0.0001036156
0.5387523 0.0001045458
0.5315503 0.0001037043
0.5255645 0.0001024242
0.5163189 0.0001011904
0.5132962 0.0001026604
0.5151825 0.0001041678
0.5049116 0.0001030582
0.5018573 0.0001039905
0.5070706 0.0001017574
0.5122904 0.0001025125
0.5079208 0.0001020566
0.5075186 0.0001037992
0.5265837 0.0001058279
0.5324627 0.0001086626
0.5590597 0.0001093077
0.5470523 0.0001100427
0.5559477 0.0001075484
0.554467 0.000106806
0.554257 0.0001072155
0.5584683 0.000106598
0.5507734 0.0001067307
0.5368902 0.000103946
0.5377384 0.0001053923
0.5431809 0.0001026978
0.5404202 0.0001041152
0.5158233 0.000106788
0.5500433 0.0001078114
0.5435823 0.0001076646
0.5335888 0.000105691
0.5287562 0.0001062483
0.5190841 0.0001078286
0.5129723 0.0001084427
0.5083644 0.0001062003
0.4987168 0.0001067282
0.4788237 0.0001078352
0.473091 0.0001053556
0.4741716 0.000103893
0.4600243 0.0001038481
0.4784848 0.0001043072
0.5019981 0.0001042141
0.5004774 0.0001046687
0.510466 0.0001044663
0.5056372 0.0001049946
0.5051151 0.0001077929
0.5008759 0.0001074963
0.5022474 0.0001068274
0.5063169 0.0001078554
0.4869552 0.0001059093
0.4993863 0.0001063458
0.5041353 0.0001079551
0.5155202 0.0001084076
0.5116397 0.000107846
0.494604 0.0001057391
0.5038951 0.0001049928
0.4840594 0.0001051543
0.4771423 0.0001076614
0.4807638 0.000106838
0.4635113 0.000108742
0.4720656 0.0001097407
0.4656131 0.0001105065
0.4866774 0.000111509
0.4740096 0.0001119597
0.4638 0.0001117876
0.460334 0.0001112133
0.447087 0.0001108768
0.4591356 0.0001094616
0.455611 0.00010915
0.4601409 0.0001096808
0.4602673 0.0001098339
0.4803033 0.0001090891
0.478546 0.000107848
0.474976 0.0001076579
0.4725508 0.0001086644
0.4639034 0.0001070146
0.4700027 0.0001052047
0.4748814 0.0001044523
0.4760124 0.0001048442
0.4656262 0.0001064344
0.4684536 0.0001088705
0.4899651 0.0001093053
0.4874238 0.0001090592
0.496413 0.0001128776
0.5166752 0.000112656
0.5176287 0.0001131528
0.5349721 0.0001107729
0.5106969 0.0001119591
0.5164463 0.0001120291
0.5041062 0.0001119108
0.5051103 0.0001090793
0.510252 0.0001061097
0.5082216 0.0001015265
0.5355653 0.0001005879
0.5435895 9.86252e-05
0.5309682 9.75151e-05
0.5130464 9.884308e-05
0.507448 9.656546e-05
0.4990494 9.65711e-05
0.4999378 9.691081e-05
0.4768219 9.668681e-05
0.4860657 9.674313e-05
0.4926481 9.495841e-05
0.5153615 9.557268e-05
0.5054214 9.585296e-05
0.5146865 9.782322e-05
0.5288711 9.780165e-05
0.5286344 9.614059e-05
0.5171091 9.601995e-05
0.5093893 9.618671e-05
0.5300225 9.576632e-05
0.5490867 9.494672e-05
0.5430884 9.486003e-05
0.549463 9.461301e-05
0.5400183 9.400328e-05
0.5193915 9.29626e-05
0.5170135 9.002793e-05
0.5187697 9.093057e-05
0.5307082 9.01781e-05
0.5435886 8.784782e-05
0.5531875 8.58411e-05
0.5553981 8.55647e-05
0.5643251 8.362194e-05
0.5548729 8.41218e-05
0.5733605 8.221664e-05
0.5630816 8.150693e-05
0.5770727 8.291699e-05
0.5654284 8.07789e-05
0.5775547 7.969684e-05
0.5939173 8.146584e-05
0.5964996 8.168346e-05
0.5874301 8.238828e-05
0.5945923 8.286995e-05
0.6104951 8.115459e-05
0.6149228 8.098662e-05
0.6173228 8.153361e-05
0.6172575 8.278502e-05
0.6359047 8.385635e-05
0.6212788 8.591953e-05
0.6212514 8.767106e-05
0.6273849 8.672373e-05
0.6169741 8.52284e-05
0.6183336 8.657878e-05
0.623433 8.569031e-05
0.6178336 8.440057e-05
0.6092045 8.296368e-05
0.6089192 8.341251e-05
0.6187618 8.509169e-05
0.5981893 8.575578e-05
0.5913542 8.503223e-05
0.6188075 8.428229e-05
0.6175119 8.567963e-05
0.6082637 8.555313e-05
0.5960772 8.601853e-05
0.5820262 8.49686e-05
0.577391 8.4669e-05
0.5661683 8.433982e-05
0.5621697 8.550682e-05
0.5431061 8.480845e-05
0.5608151 8.716852e-05
0.5644104 8.806055e-05
0.549176 8.851352e-05
0.5569159 8.768043e-05
0.5599912 8.756532e-05
0.5552228 8.871433e-05
0.5520812 8.66013e-05
0.5488236 8.684564e-05
0.565823 8.640797e-05
0.568227 8.508715e-05
0.5810946 8.498736e-05
0.581502 8.37759e-05
0.5701275 8.482643e-05
0.5701565 8.426363e-05
0.5883691 8.657945e-05
0.5942361 8.585308e-05
0.6108118 8.317924e-05
0.5974033 8.403256e-05
0.5752041 8.370289e-05
0.5717884 8.272827e-05
0.5750023 8.383786e-05
0.5792956 8.301778e-05
0.5939292 8.340867e-05
0.6053907 8.249664e-05
0.5924791 8.184102e-05
0.5844274 8.033271e-05
0.5877714 8.018586e-05
0.5817422 8.075885e-05
0.5760115 8.078576e-05
0.5698698 8.090095e-05
0.5779713 8.028815e-05
0.5874465 8.032536e-05
0.5692317 7.952898e-05
0.577312 8.006692e-05
0.5760053 8.137097e-05
0.5749228 7.882097e-05
0.599963 7.871464e-05
0.6114648 7.709829e-05
0.6093044 7.792223e-05
0.6099149 8.030578e-05
0.6064378 8.041936e-05
0.616759 8.160244e-05
0.6206276 8.270229e-05
0.6160565 8.453108e-05
0.6169508 8.713404e-05
0.6280506 8.765434e-05
0.6394415 8.611743e-05
0.6201491 8.554287e-05
0.6239497 8.469107e-05
0.6270326 8.219806e-05
0.6335552 8.057967e-05
0.644906 8.14271e-05
0.645535 8.232239e-05
0.6490823 8.128495e-05
0.644518 8.062391e-05
0.6268787 8.181376e-05
0.6335468 8.15369e-05
0.6139841 8.172239e-05
0.6342024 8.246524e-05
0.6141391 8.013935e-05
0.6237983 8.21616e-05
0.6212051 8.064245e-05
0.623981 8.062674e-05
0.6088164 7.908614e-05
0.6010894 7.959012e-05
0.6126154 8.081862e-05
0.6097707 8.16752e-05
0.5984526 8.287735e-05
0.5930645 8.203843e-05
0.5839507 8.292372e-05
0.5849622 8.353917e-05
0.5743904 8.358963e-05
0.5632201 8.551057e-05
0.5619668 8.56351e-05
0.5705735 8.437961e-05
0.565354 8.518499e-05
0.565517 8.539155e-05
0.5785264 8.507282e-05
0.576715 8.757515e-05
0.5673876 8.684122e-05
0.5681507 8.536784e-05
0.5766997 8.476653e-05
0.5711202 8.552642e-05
0.5720177 8.441265e-05
0.5874942 8.483471e-05
0.5860547 8.327966e-05
0.6019887 8.425043e-05
0.6032264 8.337838e-05
0.5935021 8.215844e-05
0.5872648 8.233935e-05
0.5985248 8.36061e-05
0.5803308 8.333449e-05
0.5856414 8.424635e-05
0.5765783 8.38092e-05
0.5656535 8.404462e-05
0.5596265 8.502875e-05
0.5539214 8.486044e-05
0.5434297 8.36042e-05
0.5507104 8.503747e-05
0.5417593 8.354021e-05
0.5443843 8.378467e-05
0.5338016 8.383715e-05
0.5149291 8.570081e-05
0.5220269 8.730669e-05
0.5152449 8.891175e-05
0.5112781 8.632797e-05
0.5217186 8.743392e-05
0.5015165 8.707319e-05
0.4954584 8.587549e-05
0.4940778 8.634616e-05
0.4869223 8.48449e-05
0.4863239 8.400919e-05
0.4617308 8.299835e-05
0.4483915 8.331296e-05
0.4465901 8.287971e-05
0.4564327 8.225901e-05
0.4598057 8.004226e-05
0.4720254 7.883955e-05
0.4607886 7.886692e-05
0.4695281 7.788375e-05
0.4780368 7.834302e-05
0.4882868 7.772524e-05
0.5086777 7.689519e-05
0.5124228 7.751867e-05
0.5309383 7.690138e-05
0.5309249 7.826709e-05
0.5541237 7.817607e-05
0.550389 7.747887e-05
0.5428658 7.639255e-05
0.5369704 7.694021e-05
0.518672 7.723486e-05
0.5142364 7.836277e-05
0.5222517 7.847542e-05
0.5185476 7.940808e-05
0.5046822 7.883066e-05
0.5014672 7.851493e-05
0.5243238 7.955605e-05
0.5255987 7.897432e-05
0.5092906 7.923928e-05
0.5247308 7.836206e-05
0.5134219 7.911567e-05
0.5131444 7.811067e-05
0.519527 7.883895e-05
0.5199482 7.920253e-05
0.5324031 7.977864e-05
0.5294387 7.898232e-05
0.5422725 7.965088e-05
0.534251 7.936435e-05
0.5276249 7.90852e-05
0.5276414 7.677892e-05
0.5326372 7.807939e-05
0.5385822 7.933452e-05
0.5139426 7.961557e-05
0.4899482 7.92737e-05
0.499211 7.776137e-05
0.5107785 8.017465e-05
0.4984888 8.160356e-05
0.5180774 8.035935e-05
0.5341483 8.04301e-05
0.5414542 7.974778e-05
0.562395 7.796943e-05
0.5587341 7.59134e-05
0.5421245 7.580133e-05
0.5282707 7.44004e-05
0.5230862 7.350612e-05
0.5097452 7.468103e-05
0.5164823 7.361694e-05
0.5220985 7.547335e-05
0.5209718 7.538366e-05
0.5296449 7.675266e-05
0.5418574 7.725554e-05
0.5517471 7.896691e-05
0.5535905 7.780089e-05
0.5530003 7.755444e-05
0.533723 7.719725e-05
0.5442199 7.753804e-05
0.5652911 7.825568e-05
0.5590038 7.817985e-05
0.5486588 7.928889e-05
0.5402652 7.756913e-05
0.5348796 7.714443e-05
0.5443124 7.559463e-05
0.5419268 7.589872e-05
0.5654074 7.532219e-05
0.5574542 7.620108e-05
0.5621604 7.837816e-05
0.5753937 7.670176e-05
0.5818926 7.701091e-05
0.5923568 7.756681e-05
0.5829563 7.861481e-05
0.5687633 7.896783e-05
0.5732655 7.895024e-05
0.581739 7.944813e-05
0.6090292 7.961186e-05
0.5986984 8.042162e-05
0.606026 8.069622e-05
0.6085562 7.993473e-05
0.6009365 8.250598e-05
0.6021048 8.130589e-05
0.6006336 8.249045e-05
0.5873236 8.12865e-05
0.5848503 8.336079e-05
0.5850741 8.345062e-05
0.5691947 8.33303e-05
0.5757385 8.154242e-05
0.5631383 8.075526e-05
0.5573835 8.004163e-05
0.5597685 7.874254e-05
0.5668773 7.788896e-05
0.5595444 7.713572e-05
0.5571409 7.731248e-05
0.5663025 7.692868e-05
0.5675589 7.761807e-05
0.5964444 7.673907e-05
0.5943931 7.653221e-05
0.5825837 7.824917e-05
0.5767775 7.699292e-05
0.5555801 7.592126e-05
0.5464834 7.66266e-05
0.5559048 7.689969e-05
0.5597162 7.523832e-05
0.5643258 7.486753e-05
0.577872 7.377295e-05
0.5901213 7.504375e-05
0.5786602 7.514423e-05
0.5826847 7.413747e-05
0.5891951 7.628286e-05
0.5832596 7.827067e-05
0.5781412 7.729417e-05
0.5736282 7.543109e-05
0.5809712 7.474921e-05
0.5711789 7.351986e-05
0.5845696 7.514154e-05
0.5762417 7.633628e-05
0.5638351 7.699288e-05
0.5612474 7.658132e-05
0.5674206 7.636972e-05
0.5749812 7.720224e-05
0.572447 7.839587e-05
0.5532767 7.794151e-05
0.5515737 7.6418e-05
0.5491017 7.82338e-05
0.5786321 7.883831e-05
0.5839932 7.957313e-05
0.5791369 7.898032e-05
0.5895365 7.80488e-05
0.5946202 7.762921e-05
0.6076529 7.629153e-05
0.5870112 7.867136e-05
0.5745674 7.738792e-05
0.5699291 7.683373e-05
0.5657241 7.672112e-05
0.551611 7.785946e-05
0.5432535 8.010539e-05
0.5148811 7.740919e-05
0.5159826 7.928843e-05
0.524191 7.837054e-05
0.5432689 7.817139e-05
0.5363153 8.033515e-05
0.5237056 8.027419e-05
0.5173683 7.942917e-05
0.5132958 8.043819e-05
0.5244572 8.027519e-05
0.5215038 8.127424e-05
0.5373993 8.243198e-05
0.544383 8.242907e-05
0.555856 8.329001e-05
0.537493 8.601064e-05
0.5404468 8.765997e-05
0.5509998 8.79157e-05
0.5459363 8.966379e-05
0.549916 8.885179e-05
0.5467081 8.788199e-05
0.5385187 8.863379e-05
0.5513604 8.609689e-05
0.5465331 8.685224e-05
0.5583104 8.629002e-05
0.5754259 8.529655e-05
0.5573103 8.432436e-05
0.5463125 8.628976e-05
0.5595175 8.621855e-05
0.5616135 8.627551e-05
0.5600824 8.650384e-05
0.5426211 8.595025e-05
0.5434084 8.459344e-05
0.5438867 8.187242e-05
0.5374788 8.057382e-05
0.5339377 8.108585e-05
0.5357175 8.086656e-05
0.5405024 8.076911e-05
0.5408269 8.109702e-05
0.5404523 8.076165e-05
0.5360467 8.016288e-05
0.5415317 8.194916e-05
0.5412105 8.203231e-05
0.5347517 7.89806e-05
0.5319445 8.018709e-05
0.5317053 8.045171e-05
0.5180241 8.037497e-05
0.5146644 8.082546e-05
0.5191896 8.168516e-05
0.5232469 8.382493e-05
0.5221492 8.377655e-05
0.5137057 8.234861e-05
0.5294217 8.159086e-05
0.5384267 8.1126e-05
0.5243236 8.135785e-05
0.5382002 8.230463e-05
0.5283739 8.262944e-05
0.5307327 8.177934e-05
0.5241252 8.198995e-05
0.5273632 8.246392e-05
0.519932 8.193555e-05
0.5176982 8.158066e-05
0.5112685 7.911778e-05
0.5170141 7.838104e-05
0.5119317 7.772495e-05
0.5212864 7.855169e-05
0.5234455 7.890106e-05
0.5273179 7.639049e-05
0.5050507 7.615455e-05
0.4981916 7.767167e-05
0.5040951 7.917519e-05
0.4976292 7.827538e-05
0.4945012 7.893769e-05
0.4895041 7.982181e-05
0.4910888 7.988133e-05
0.4881417 8.24796e-05
0.4810455 8.32686e-05
0.4784045 8.330007e-05
0.4843217 8.339985e-05
0.5047225 8.276126e-05
0.5124065 8.535208e-05
0.5082134 8.658396e-05
0.5022717 8.829207e-05
0.4959687 8.765122e-05
0.4972469 8.766078e-05
0.5066867 8.693324e-05
0.5070774 8.654126e-05
0.5053353 8.665687e-05
0.4977222 8.842775e-05
0.5006258 8.817477e-05
0.5078267 8.547128e-05
0.5061961 8.56064e-05
0.5011916 8.583461e-05
0.4935129 8.494946e-05
0.5021697 8.656027e-05
0.5131443 8.598438e-05
0.538297 8.709859e-05
0.5177492 8.848753e-05
0.5180312 8.822858e-05
0.5017731 8.689861e-05
0.4921201 8.441917e-05
0.50933 8.191244e-05
0.5014864 8.286078e-05
0.5199708 8.3607e-05
0.5166045 8.318027e-05
0.5363324 8.196669e-05
0.5511621 8.365669e-05
0.5495624 8.362054e-05
0.5632286 8.352689e-05
0.5570709 8.248853e-05
0.5576868 8.151791e-05
0.5613213 8.006281e-05
0.5691145 8.109207e-05
0.5596458 8.053876e-05
0.5616642 8.072588e-05
0.5619017 7.966715e-05
0.559036 8.082051e-05
0.5680851 8.041365e-05
0.5755274 8.079032e-05
0.5676223 7.910601e-05
0.5664233 7.927812e-05
0.5805803 7.757951e-05
0.5854446 7.666439e-05
0.5790426 7.523216e-05
0.5761134 7.569174e-05
0.5938292 7.629944e-05
0.6052428 7.511304e-05
0.6011161 7.497411e-05
0.5991154 7.480907e-05
0.6063048 7.52839e-05
0.5906315 7.628004e-05
0.5655342 7.767962e-05
0.5568361 7.663387e-05
0.568552 7.720221e-05
0.5624594 7.723863e-05
0.5650969 7.659196e-05
0.5485064 7.63794e-05
0.5396914 7.787123e-05
0.5436934 7.602926e-05
0.5430936 7.707693e-05
0.5526589 7.587463e-05
0.5459338 7.568315e-05
0.551271 7.482027e-05
0.5536689 7.54953e-05
0.5472531 7.718603e-05
0.5651683 7.733514e-05
0.568514 7.766895e-05
0.5648022 7.713103e-05
0.5737132 7.839866e-05
0.5950871 7.975804e-05
0.5828879 8.096687e-05
0.5672065 8.033485e-05
0.5750759 8.43963e-05
0.5919836 8.492373e-05
0.5848884 8.58157e-05
0.5840926 8.428288e-05
0.5841545 8.603619e-05
0.5902748 8.796019e-05
0.5946288 8.867062e-05
0.6097806 8.796273e-05
0.6296949 8.760465e-05
0.6323581 8.593635e-05
0.6221375 8.576532e-05
0.6170319 8.675857e-05
0.5981851 8.596421e-05
0.5831832 8.601164e-05
0.584278 8.408366e-05
0.5600106 8.371491e-05
0.5949791 8.434911e-05
0.5801613 8.438834e-05
0.5787084 8.319498e-05
0.612807 8.340652e-05
0.6097232 8.508614e-05
0.6180133 8.402978e-05
0.5955062 8.313324e-05
0.6032544 7.990597e-05
0.5930107 7.997724e-05
0.5843583 7.564102e-05
0.5749129 7.670098e-05
0.5860408 7.605761e-05
0.5992396 7.587463e-05
0.5944426 7.744166e-05
0.6027336 7.931186e-05
0.6256317 7.93596e-05
0.6366189 7.946928e-05
0.6434696 7.820804e-05
0.6498484 7.642544e-05
0.6469523 7.631513e-05
0.6522489 7.799673e-05
0.6506673 7.959736e-05
0.6413386 7.910634e-05
0.6276395 7.91013e-05
0.6250525 7.708012e-05
0.6120626 7.800024e-05
0.6314181 7.766585e-05
0.6360721 7.731725e-05
0.6306911 7.673641e-05
0.6371448 7.639755e-05
0.6347817 7.862166e-05
0.6346253 8.031317e-05
0.6516888 8.08834e-05
0.6504056 8.228053e-05
0.6479794 8.196136e-05
0.6443691 8.289046e-05
0.6359611 8.371904e-05
0.6330242 8.489831e-05
0.6570991 8.320312e-05
0.6582715 8.290251e-05
0.6517095 8.366465e-05
0.6534517 8.445225e-05
