-0.02644236
-0.02858173
-0.01184387
-0.006198933
0.03793954
0.02308962
0.02007072
0.05739272
0.05162966
0.1102655
0.08500309
0.04930506
0.05741862
0.05619185
0.06255441
0.1400214
0.0966434
0.09760733
0.09239599
0.1202249
0.09702098
0.1413915
0.1774038
0.1519172
0.1557975
0.1476022
0.1327455
0.1340761
0.1384923
0.1185227
0.116847
0.1121326
0.1512584
0.1735677
0.1821351
0.1426086
0.1215971
0.1641824
0.1352069
0.1866388
0.2132018
0.2150225
0.2483208
0.2562486
0.2588966
0.3026409
0.304462
0.2861056
0.312913
0.3291751
0.3054002
0.302448
0.3327325
0.3300106
0.3403903
0.3563321
0.3377851
0.3407003
0.3302637
0.3462303
0.4081992
0.4006618
0.4033784
0.3951525
0.3986136
0.3696356
0.3620107
0.3678507
0.3341887
0.3176598
0.3029681
0.2887682
0.2757654
0.3129898
0.3078703
0.3470833
0.3364341
0.3513921
0.2967398
0.287719
0.3065297
0.2977672
0.2242406
0.1985492
0.2239697
0.2576088
0.2879654
0.2675501
0.2671235
0.335564
0.3497006
0.3798873
0.3733594
0.4024538
0.3891695
0.3603735
0.3598485
0.3660168
0.3184395
0.3153749
0.3624401
0.3472374
0.3107367
0.3135322
0.3086039
0.3097999
0.3266721
0.3314416
0.3207472
0.3138806
0.3247163
0.2860129
0.246319
0.2624493
0.2621075
0.296731
0.3271412
0.3363453
0.315668
0.3189031
0.2804907
0.2323384
0.158599
0.1470522
0.1408045
0.1188879
0.07270756
0.08021744
0.07580644
0.03540925
-0.03759937
-0.01770284
0.007524931
-0.01567864
-0.03302457
-0.01515908
-0.05300926
-0.06907921
-0.08782193
-0.07521216
-0.0788715
-0.1198395
-0.1176003
-0.09509823
-0.09188981
-0.08641935
-0.1371855
-0.1196225
-0.130015
-0.1006633
-0.08630335
-0.06498553
-0.06612179
-0.06587942
-0.01280381
0.001579685
0.04626691
0.09936158
0.1040606
0.09127426
0.1627667
0.1773317
0.1644414
0.1461201
0.1704481
0.1659931
0.1723863
0.191167
0.1779888
0.1561225
0.114982
0.1536686
0.1785381
0.2028537
0.2538089
0.2054283
0.2042286
0.2020978
0.2333371
0.2542503
0.277332
0.254337
0.2399101
0.2972733
0.3461386
0.3758468
0.3442079
0.3327207
0.3704585
0.3484564
0.3800556
0.3740596
0.3451911
0.3341989
0.314667
0.2906777
0.2531098
0.2617435
0.2835202
0.2277199
0.2433321
0.2249698
0.2378321
0.1957117
0.1374267
0.1090175
0.1234867
0.09116244
0.1162137
0.1153726
0.1118493
0.113136
0.1162689
0.1240359
0.1319737
0.1196641
0.01919206
0.00487511
-0.01066928
0.007850569
0.02932648
0.01294009
-0.01783776
0.01912075
-0.02642518
0.04469872
0.0770882
0.07206546
0.03068644
-0.01395192
0.01351843
0.03747278
-0.01768128
-0.0271055
-0.08324278
-0.09694395
-0.09806081
-0.1245471
-0.1124955
-0.1357725
-0.1666404
-0.147611
-0.1375403
-0.09030645
-0.06357417
-0.05938483
-0.08649972
-0.08634786
-0.08203675
-0.1067681
-0.07254029
-0.06117658
-0.04508151
-0.04404147
-0.0846838
-0.07978799
-0.08281915
-0.1187816
-0.1679112
-0.1874117
-0.2245672
-0.2076166
-0.165359
-0.1775241
-0.1822727
-0.195496
-0.2278484
-0.1978809
-0.1485138
-0.1758665
-0.2165676
-0.2128413
-0.2116303
-0.1881105
-0.1924187
-0.2265487
-0.2253862
-0.2039508
-0.2205577
-0.2766466
-0.3129917
-0.29391
-0.2885035
-0.3103252
-0.3051106
-0.2259373
-0.2620387
-0.2716471
-0.2155025
-0.1924036
-0.1809471
-0.1607226
-0.1279793
-0.03331243
-0.04155923
-0.05680433
-0.0418276
0.0206576
-0.02332606
-0.01941363
-0.01714436
0.03730382
0.05978574
0.0606009
0.06134563
0.09532858
0.0805659
0.08366156
0.08572131
0.0739952
0.1289518
0.129841
0.1614448
0.1532209
0.175955
0.1944483
0.1956927
0.1976694
0.2982943
0.3383592
0.3293383
0.322848
0.3509022
0.3655857
0.3816716
0.3178993
0.347854
0.3322214
0.3771614
0.4140918
0.3985899
0.4209547
0.4466036
0.4449212
0.4756789
0.4648855
0.483966
0.517295
0.5210756
0.5397638
0.5039314
0.5433438
0.4960639
0.4469639
0.4224332
0.4294968
0.4677822
0.4855817
0.4840371
0.4972865
0.4691762
0.4363812
0.4979854
0.4760543
0.4877287
0.4781163
0.4817467
0.4438028
0.4247162
0.4372451
0.4118412
0.3832991
0.2918783
0.3095999
0.3403356
0.40673
0.3794245
0.3997219
0.3951185
0.4599189
0.4672959
0.4864897
0.4988618
0.4784155
0.423097
0.4172556
0.4190097
0.3910953
0.4369785
0.402722
0.3659701
0.4440421
0.4946009
0.5092162
0.4982976
0.5232979
0.5823144
0.5678177
0.5634217
0.5453601
0.5309291
0.5109592
0.5384566
0.5055433
0.5492689
0.5472424
0.5537792
0.5324406
0.5398446
0.5617531
0.5257475
0.5072135
0.4917767
0.5432042
0.5010984
0.5227241
0.5337867
0.595161
0.6452757
0.6924172
0.7075358
0.6925348
0.681889
0.6545508
0.6485923
0.6533632
0.6606816
0.6945198
0.6743608
0.67552
0.6797859
0.6401429
0.6263194
0.6507935
0.6572715
0.6769024
0.6170993
0.6098899
0.6075423
0.6135625
0.5960668
0.6240969
0.6571902
0.6391194
0.6374714
0.6531257
0.652882
0.6986479
0.6988606
0.6668672
0.6712905
0.6416585
0.6548845
0.6573466
0.6625926
0.635499
0.6403343
0.6089907
0.6102278
0.615918
0.6263058
0.6070676
0.6198884
0.5581739
0.5427317
0.5443371
0.557648
0.5058121
0.5466795
0.5566473
0.5578563
0.5467298
0.5415992
0.5742117
0.5891001
0.5800197
0.5881939
0.6365809
0.6615095
0.7058594
0.7299408
0.7316442
0.7379859
0.7463962
0.7601434
0.7252519
0.7765516
0.8153654
0.7971415
0.8266294
0.8503824
0.8755195
0.8772971
0.9137248
0.9218945
0.9207745
0.8877802
0.8675785
0.8709844
0.8922301
0.8784447
0.8328717
0.8139082
0.8495636
0.8471271
0.8590825
0.8517742
0.8435781
0.8592656
0.8462087
0.8122928
0.8117385
0.825921
0.8325708
0.8119688
0.9044986
0.8852964
0.898663
0.9014232
0.8635966
0.8640267
0.8848291
0.9104803
0.8626021
0.8650894
0.8547625
0.8057844
0.8084824
0.7904449
0.7623988
0.7312945
0.7215428
0.6737169
0.6492601
0.6118906
0.6074109
0.6283261
0.5705958
0.5593775
0.5790785
0.599873
0.6026231
0.5960785
0.6491578
0.6627992
0.6642676
0.6326505
0.6382099
0.6353321
0.6178761
0.6085838
0.5645203
0.5699634
0.5471729
0.5804619
0.5934425
0.640113
0.6432701
0.655316
0.6637899
0.6284561
0.6509772
0.6799634
0.6995916
0.6533968
0.6645972
0.6317568
0.6170938
0.6117734
0.63094
0.6545104
0.6644391
0.7128237
0.7401403
0.7470853
0.7420433
0.7391072
0.7362256
0.7171187
0.6771378
0.6239017
0.590175
0.6029165
0.651184
0.6289857
0.6552179
0.6156047
0.6110815
0.6352291
0.6108302
0.6253738
0.6621168
0.7167828
0.7153171
0.7084035
0.754397
0.7453336
0.7195982
0.7075607
0.7578951
0.7684419
0.7422523
0.8009943
0.8192001
0.7659777
0.7356202
0.7579587
0.7466688
0.7856622
0.7715975
0.7844108
0.7380968
0.7526866
0.7368779
0.7291941
0.6962569
0.7089176
0.7206099
0.6908766
0.7036384
0.7368437
0.7341191
0.7110743
0.7065744
0.6723059
0.6831444
0.6106448
0.6554915
0.6644829
0.6406015
0.6108933
0.6213691
0.6100201
0.6399667
0.6073536
0.5880747
0.5609267
0.5177002
0.5245775
0.5121895
0.5120096
0.5138432
0.5134861
0.48509
0.4598753
0.4506226
0.4351956
0.3788762
0.3796423
0.3936087
0.4529052
0.4596124
0.461774
0.4685936
0.4638058
0.4455628
0.4090409
0.4419255
0.4705213
0.4691919
0.4602389
0.4782926
0.5223746
0.4577677
0.4486566
0.4845184
0.5041133
0.5016515
0.5443801
0.5631535
