0.1522848
0.1475899
0.1469851
0.1530602
0.1532519
0.1443811
0.1414923
0.1377335
0.1351621
0.1425818
0.1382202
0.1384627
0.1433546
0.1315534
0.1484785
0.1406785
0.140803
0.137094
0.1368935
0.1436984
0.1497128
0.1456546
0.148523
0.143629
0.1397242
0.1422268
0.1411753
0.1500848
0.1325629
0.1414761
0.137297
0.145002
0.1459625
0.1410367
0.1469729
0.1444809
0.1468095
0.1444643
0.1519786
0.150569
0.1530987
0.1412097
0.146374
0.14684
0.1472798
0.142387
0.1437713
0.1474331
0.1515508
0.148421
0.1442812
0.1433537
0.1462463
0.1377421
0.1510131
0.1531925
0.14703
0.1510076
0.14592
0.1412803
0.1386631
0.1454613
0.145632
0.1396324
0.1474923
0.1395476
0.1378254
0.1439285
0.1439822
0.1542421
0.1399534
0.1443416
0.1416043
0.1446806
0.1382878
0.1430389
0.1455198
0.1378069
0.1452388
0.1496382
0.1459967
0.1477485
0.1503339
0.1407902
0.1480456
0.1405533
0.1377798
0.1558696
0.1421154
0.1366207
0.1353995
0.1496048
0.1415404
0.1419837
0.1454738
0.1431532
0.1406487
0.1436166
0.1472341
0.1435048
0.1510199
0.1388277
0.1382593
0.143927
0.1417873
0.143079
0.1344254
0.1521834
0.138527
0.144371
0.1428643
0.1556748
0.1436664
0.1472537
0.1362009
0.1458499
0.1472777
0.1463988
0.1453759
0.1449393
0.1477607
0.1419365
0.132905
0.1390007
0.1486973
0.1362321
0.1363094
0.1379613
0.1465441
0.1402646
0.1393472
0.1507333
0.1481822
0.1353194
0.1393926
0.1471315
0.1395962
0.1385772
0.1577542
0.1365901
0.1415722
0.1448924
0.1404014
0.140709
0.1534606
0.1402025
0.142179
0.1521954
0.1464854
0.1504169
0.1538845
0.1545446
0.1432957
0.1403448
0.150281
0.143874
0.1445793
0.1407595
0.1496755
0.1409388
0.150557
0.1397591
0.1364783
0.1349879
0.1515891
0.1424233
0.1421861
0.1502527
0.1432279
0.1378597
0.144151
0.1484798
0.1544774
0.1448662
0.1488716
0.1492828
0.1423216
0.1311049
0.1418506
0.1407989
0.1434462
0.1397884
0.1488342
0.1389609
0.1442429
0.1393084
0.1423751
0.1570871
0.1379089
0.1522753
0.1509793
0.1438436
0.1396619
0.1484692
0.1449876
0.1413701
0.1421185
0.1404096
0.1526077
0.1409974
0.144349
0.1444236
0.1436011
0.1550904
0.1355901
0.1439566
0.1478021
0.1526364
0.1315647
0.141717
0.1462001
0.1426979
0.1395114
0.1414008
0.1354249
0.1512328
0.152769
0.1437977
0.1396153
0.1466726
0.1527221
0.1436202
0.1447573
0.1377151
0.1349609
0.1441364
0.1408526
0.1440715
0.1431911
0.1449342
0.1590642
0.1442254
0.1454653
0.1457653
0.1428376
0.1435433
0.1475965
0.1520111
0.1476109
0.1456138
0.1402977
0.1462669
0.1473692
0.1368823
0.1372672
0.1448598
0.1430095
0.1570013
0.146342
0.1415856
0.135842
0.1493552
0.1376978
0.1457262
0.1593694
0.1419842
0.1411427
0.1436969
0.154138
0.1429872
0.1389767
0.1360695
0.1406916
0.1467008
0.1433755
0.1551285
0.1586946
0.1451135
0.1434136
0.1447043
0.1416784
0.1386332
0.1446212
0.1382554
0.1534592
0.1472343
0.155276
0.1407417
0.1465264
0.1409717
0.1418086
0.1430937
0.1516569
0.1423351
0.1394657
0.147146
0.1468078
0.1477085
0.1396262
0.1421295
0.1366801
0.1438523
0.1333824
0.1434456
0.1484587
0.142995
0.1424284
0.1455533
0.1354433
0.1437335
0.1440071
0.1479018
0.1437484
0.1560712
0.1480093
0.1428043
0.1438972
0.152016
0.1570499
0.1467874
0.1377676
0.1481944
0.1459915
0.1479667
0.138402
0.1472561
0.1336437
0.134085
0.1520436
0.1380503
0.1461343
0.1449162
0.1556101
0.1291651
0.1482412
0.1421183
0.1410774
0.1622698
0.1462738
0.1490651
0.1508241
0.1472986
0.1364883
0.1382428
0.1427382
0.1395144
0.144812
0.1422126
0.1412453
0.1436343
0.1361993
0.1462847
0.1424434
0.1450007
0.1430432
0.1499457
0.146111
0.1409304
0.1533752
0.1375172
0.15884
0.1464492
0.1420509
0.1399772
0.1470769
0.1480403
0.1381636
0.1337883
0.138034
0.1498798
0.1376923
0.1458216
0.1465637
0.1324482
0.1455087
0.1376796
0.1538901
0.1420008
0.148921
0.1346841
0.1415486
0.14148
0.1344201
0.1427403
0.13837
0.1398353
0.133598
0.141531
0.1487206
0.1383077
0.1484174
0.1509455
0.1390966
0.1484082
0.1374848
0.1486638
0.1532821
0.1473218
0.135936
0.1529649
0.1321181
0.1483529
0.148772
0.1419052
0.1527476
0.153841
0.1405796
0.1320322
0.1334196
0.1485648
0.1437673
0.1372951
0.1529177
0.1475621
0.1432673
0.1492171
0.1377022
0.1481188
0.1496258
0.1583278
0.1473641
0.1470137
0.141797
0.1495759
0.1427059
0.133245
0.1529012
0.1509927
0.1437396
0.1481048
0.142999
0.1475232
0.1412211
0.1476078
0.1421358
0.14918
0.1437978
0.1568395
0.1484235
0.1429326
0.1454132
0.1494281
0.1476681
0.1564867
0.1447679
0.1408978
0.1451582
0.1413099
0.1406984
0.1403634
0.1374298
0.1514617
0.1415134
0.1365842
0.1430767
0.1495241
0.1438238
0.1422154
0.149901
0.1379414
0.1534934
0.1416012
0.1536044
0.1362768
0.1422625
0.1358752
0.13461
0.1379646
0.1516478
0.1489095
0.1395657
0.12942
0.1314837
0.1563421
0.1445307
0.1485513
0.1366713
0.1512204
0.1506525
0.1499355
0.1466083
0.1355187
0.1312525
0.1485798
0.1318695
0.1351888
0.146639
0.1483042
0.148671
0.1526019
0.1481467
0.1397801
0.1531085
0.1521773
0.1444823
0.1409113
0.1446903
0.1491037
0.1402264
0.1306153
0.1451616
0.1448287
0.1435466
0.1370057
0.1385612
0.1403958
0.1523775
0.1353587
0.1375001
0.1429452
0.1413855
0.1467867
0.1457734
0.1442378
0.1323498
0.1465707
0.1428704
0.130808
0.1447185
0.1390111
0.1331544
0.1435904
0.1417426
0.1350354
0.1512503
0.1456555
0.1438554
0.1465725
0.1450336
0.1476639
0.1419681
0.138818
0.1528261
0.1418446
0.1439414
0.1438215
0.1438906
0.1435847
0.1440972
0.144306
0.1420437
0.1535988
0.151252
0.1552238
0.1431258
0.143139
0.1338786
0.1424512
0.1384297
0.1440064
0.1461096
0.1453055
0.145639
0.1397878
0.1456126
0.1399611
0.1430622
0.1484006
0.1402536
0.1383134
0.1407001
0.142478
0.1424603
0.1285759
0.1468669
0.1506857
0.1550455
0.1499894
0.1500399
0.1437252
0.1439193
0.144813
0.1529354
0.154173
0.1535385
0.142346
0.1385734
0.1471897
0.1387317
0.1443273
0.1445822
0.1382021
0.1481023
0.1448902
0.1496031
0.1491407
0.1391554
0.1435411
0.1354692
0.1452696
0.1361638
0.1466815
0.1388534
0.1482492
0.1456596
0.1346956
0.1473533
0.133988
0.1484771
0.1456502
0.1392198
0.1481851
0.1521283
0.143581
0.1532039
0.1391941
0.1294578
0.1412839
0.1454189
0.134806
0.1473319
0.1536919
0.1363835
0.1394226
0.1500686
0.1476376
0.1360085
0.1470716
0.1473084
0.1398298
0.1423313
0.1424887
0.1393621
0.1442624
0.1485009
0.1447065
0.1557814
0.1353176
0.1548668
0.1420603
0.1479903
0.1518732
0.1408094
0.1337685
0.1420574
0.143277
0.1541017
0.1409181
0.1383231
0.135674
0.1472022
0.1687894
0.1437626
0.1377458
0.153871
0.1377799
0.1480264
0.1455471
0.1517249
0.1456794
0.1517008
0.1389739
0.1412982
0.1480369
0.1491397
0.1587611
0.1442482
0.1386018
0.1444754
0.1429534
0.1386509
0.1440704
0.147614
0.1400469
0.1391081
0.1522256
0.1357204
0.148366
0.1411798
0.1482455
