Trait	# groups	Compression	-2LnLk	Var_genetic	Var_error
TRAIT	604	1.0	-473.0312340117757	0.0015001099332972183	0.025583143458775895
TRAIT	580	1.0413793103448277	-472.9031079260044	0.0014748580697872818	0.025604690698950428
TRAIT	568	1.0633802816901408	-472.921195162618	0.0014798128049048815	0.025601953925920965
TRAIT	557	1.0843806104129263	-472.9402883419689	0.0014849366788805794	0.02559916511439723
TRAIT	545	1.108256880733945	-472.9595857853167	0.0014893874690613406	0.025596629659163886
TRAIT	535	1.1289719626168224	-472.9787918879699	0.0014932571904060596	0.025594346082940613
TRAIT	524	1.1526717557251909	-472.93378385080223	0.0014870017995054921	0.025600911910988865
TRAIT	513	1.1773879142300194	-472.9836293483818	0.0014918246583879922	0.025596606751207965
TRAIT	503	1.2007952286282306	-472.8346719973342	0.0014697163861724437	0.025616743502280905
TRAIT	493	1.2251521298174441	-473.20419287353843	0.0014922614555701915	0.025588212480668372
TRAIT	483	1.2505175983436854	-473.4006113281009	0.0015335507035836673	0.025564646940065106
TRAIT	473	1.276955602536998	-473.3634682554475	0.0015270672260665188	0.0255703364141698
TRAIT	464	1.3017241379310345	-473.44082069306523	0.0015438011329782799	0.025562025693447874
TRAIT	455	1.3274725274725274	-473.487098821726	0.001553761785156977	0.025556633117232476
TRAIT	446	1.3542600896860986	-473.62908280784336	0.001585384061677905	0.02553947984953848
TRAIT	437	1.3821510297482837	-473.7123774451884	0.001603294266598153	0.025529001227838386
TRAIT	428	1.411214953271028	-473.8763490512656	0.0016385722067848356	0.02550987463123107
TRAIT	419	1.441527446300716	-473.88393583202014	0.0016404590086319486	0.025508866197707373
TRAIT	411	1.4695863746958637	-471.1738426339416	0.001286865793260419	0.025846240188198148
TRAIT	403	1.498759305210918	-471.177104918562	0.0012877310951934908	0.025845745159724688
TRAIT	395	1.5291139240506328	-471.18512648903425	0.001289718658689764	0.025844573296604702
TRAIT	387	1.5607235142118863	-471.544431545668	0.001363449772903705	0.025801372637975512
TRAIT	379	1.5936675461741425	-471.64390039583304	0.001386327897477318	0.025788537181321007
TRAIT	371	1.628032345013477	-471.65628053368823	0.0013895547771172136	0.02578703179630099
TRAIT	364	1.6593406593406594	-472.11868311772696	0.0014862400851562419	0.025735215709699878
TRAIT	357	1.69187675070028	-472.12081366646225	0.0014867754050041696	0.025734915764310126
TRAIT	350	1.7257142857142858	-472.2619958126172	0.0015200730523654267	0.02571733274776115
TRAIT	343	1.760932944606414	-472.3201831003332	0.0015313666043062682	0.025713054005257262
TRAIT	336	1.7976190476190477	-472.3226801765477	0.001531977565118594	0.02571273488712314
TRAIT	329	1.8358662613981762	-472.3331921643942	0.0015349270384296323	0.025711309194054944
TRAIT	322	1.875776397515528	-472.3334999510723	0.001535060661997305	0.025711346668127646
TRAIT	316	1.9113924050632911	-472.33580438279955	0.0015356481162074082	0.025711033476019288
TRAIT	310	1.9483870967741936	-472.33745678010564	0.0015361437054249821	0.02571080903691967
TRAIT	303	1.9933993399339933	-472.33971044204054	0.0015366564834133967	0.02571057133438413
TRAIT	297	2.0336700336700337	-472.34132326765985	0.0015371200579239299	0.025710400900361086
TRAIT	291	2.075601374570447	-472.3492812001475	0.0015394697295867791	0.02570915506033403
TRAIT	286	2.111888111888112	-472.35092083094355	0.0015399362440915358	0.02570896370434185
TRAIT	280	2.157142857142857	-472.3800760607646	0.0015460241872668225	0.025705698522721764
TRAIT	274	2.204379562043796	-472.67158435616784	0.001616499567820012	0.025670856843552477
TRAIT	269	2.2453531598513012	-472.6733473328825	0.0016169947753139553	0.025670620503077207
TRAIT	263	2.296577946768061	-472.78532127206154	0.001644790894869015	0.02565638196449607
TRAIT	258	2.3410852713178296	-473.18619743031263	0.0017324399471461867	0.025614153553896846
TRAIT	253	2.3873517786561265	-473.18610276220693	0.001733037332868427	0.025613895981165175
TRAIT	248	2.435483870967742	-473.1827728682217	0.0017331089334659024	0.02561406470063608
TRAIT	243	2.48559670781893	-473.19554910480815	0.001733579574484474	0.025613314691908796
TRAIT	238	2.53781512605042	-473.19271605626454	0.001733443662442391	0.02561354333200229
TRAIT	233	2.592274678111588	-473.1455399323638	0.0017249871644108071	0.0256195795560033
TRAIT	229	2.6375545851528384	-473.1432232482389	0.0017249315411682878	0.025619748225441753
TRAIT	224	2.6964285714285716	-473.1416786071168	0.0017243034207514972	0.025620164402937316
TRAIT	219	2.7579908675799087	-473.24316601476494	0.0017493060346780755	0.025609595868901977
TRAIT	215	2.8093023255813954	-473.23450986890657	0.0017482905957875293	0.025610507666411705
TRAIT	211	2.862559241706161	-473.23649509909205	0.0017493317751517135	0.025610035759512505
TRAIT	207	2.917874396135266	-473.1652942106093	0.0017293387342233288	0.025622652737187043
TRAIT	202	2.99009900990099	-473.1444520013911	0.0017249510998043514	0.025625813813182276
TRAIT	198	3.0505050505050506	-473.1475517125664	0.0017273561570541691	0.02562470045317209
TRAIT	194	3.11340206185567	-473.149227018135	0.001727903376305557	0.02562453954658681
TRAIT	190	3.1789473684210527	-473.24340638264175	0.0017506708750345292	0.025613944406373577
TRAIT	187	3.229946524064171	-473.24360356237753	0.0017507423985994976	0.02561391564258158
TRAIT	183	3.300546448087432	-473.24420242885685	0.0017509121175616153	0.025613839891662497
TRAIT	179	3.374301675977654	-473.35982470631984	0.0017804459756197602	0.025599358780739684
TRAIT	176	3.4318181818181817	-473.36389904300927	0.0017815670813137523	0.025598772400807917
TRAIT	172	3.511627906976744	-473.365386832128	0.0017820039146601062	0.025598570093436402
TRAIT	169	3.57396449704142	-473.36622804659123	0.0017822965375613048	0.025598447470448173
TRAIT	165	3.6606060606060606	-473.3757323711027	0.001785159342209175	0.02559712708097093
TRAIT	162	3.728395061728395	-473.4144927892162	0.0017946151132754852	0.02559288306479991
TRAIT	159	3.79874213836478	-473.73852406445553	0.0018752765358786682	0.025556210343923573
TRAIT	156	3.871794871794872	-473.7385805037659	0.0018753008610607898	0.02555620272305654
TRAIT	152	3.973684210526316	-473.7417400127474	0.001876145794368918	0.02555579150403445
TRAIT	149	4.053691275167785	-473.7420494987841	0.0018762332775465052	0.025555750465776815
TRAIT	146	4.136986301369863	-473.7421094353947	0.0018762370200230555	0.02555576157933117
TRAIT	143	4.223776223776224	-473.742500891452	0.0018763582739611997	0.025555709647678063
TRAIT	141	4.283687943262412	-473.7427818808683	0.0018764748617771977	0.025555661824880206
TRAIT	138	4.3768115942028984	-473.7448180505096	0.0018769641744061712	0.0255554664254813
TRAIT	135	4.474074074074074	-473.7465337336487	0.001877436416653888	0.02555523667197787
TRAIT	132	4.575757575757576	-473.74675515835816	0.0018775531282875875	0.02555528285959941
TRAIT	130	4.6461538461538465	-473.7980595398119	0.0018927378012329277	0.025548669185111575
TRAIT	127	4.755905511811024	-471.0159457454795	0.0015021371729661242	0.02587161928016251
TRAIT	124	4.870967741935484	-471.1121874402845	0.0015328862652458834	0.025857328672649903
TRAIT	122	4.950819672131147	-471.11415827007295	0.0015336166411592108	0.025857078253112682
TRAIT	119	5.07563025210084	-471.1199572041867	0.0015356164255815163	0.02585622282927597
TRAIT	117	5.162393162393163	-470.6705633617339	0.001403421500914448	0.025938413727447582
TRAIT	115	5.252173913043478	-470.7463898839462	0.0014255907589919357	0.025928226738808766
TRAIT	112	5.392857142857143	-470.75632307550904	0.0014282934958629318	0.02592688649142762
TRAIT	110	5.490909090909091	-470.82077936993915	0.0014045912427838162	0.025965430782689633
TRAIT	108	5.592592592592593	-470.8534234936451	0.0014150449123347313	0.025961232545463935
TRAIT	106	5.69811320754717	-470.7250168340354	0.0014065446078551347	0.0259745106722415
TRAIT	104	5.8076923076923075	-470.7420488929795	0.001411065686634646	0.02597241593278029
TRAIT	102	5.921568627450981	-470.8265889767504	0.0014326696536305075	0.025962438192787485
TRAIT	100	6.04	-470.91209076849145	0.0014575194342600051	0.025951498118587362
TRAIT	98	6.163265306122449	-470.88768676307427	0.0014648816741089955	0.025952841006011782
TRAIT	96	6.291666666666667	-470.9300157162993	0.0014771272678203388	0.025947481428836384
TRAIT	94	6.425531914893617	-471.02000461156103	0.0015031998389319699	0.02593618146318641
TRAIT	92	6.565217391304348	-470.2897640527067	0.0012155737686297384	0.02610434730793616
TRAIT	90	6.711111111111111	-470.0838851575568	0.0012020515649477286	0.02612910285093584
TRAIT	88	6.863636363636363	-470.3386049781566	0.0012640569119271548	0.026101999386201235
TRAIT	86	7.023255813953488	-470.50853476482257	0.0013116112699548444	0.026081563945566922
TRAIT	85	7.105882352941176	-470.63453885610966	0.0013477404451704708	0.02606529018797319
TRAIT	83	7.27710843373494	-470.75837780291886	0.0013839575103630065	0.02605028983336106
TRAIT	81	7.45679012345679	-470.7690359154258	0.0015382989467574645	0.026041351340176017
TRAIT	80	7.55	-470.82763529705016	0.0015584932748643374	0.026034037607466785
TRAIT	78	7.743589743589744	-470.9382315006376	0.001598937679202435	0.026019971699847343
TRAIT	76	7.947368421052632	-471.11147407814246	0.0016588639990935833	0.02599909396326671
TRAIT	75	8.053333333333333	-471.2546477951846	0.0017024334816911019	0.02598184137813942
TRAIT	73	8.273972602739725	-471.3896276688233	0.001749513222465788	0.025965812019478573
TRAIT	72	8.38888888888889	-471.4485955785931	0.0017685001173516344	0.025959344743825913
TRAIT	70	8.628571428571428	-471.6906646892196	0.001862484237903847	0.025928610103307784
TRAIT	69	8.753623188405797	-472.0447817981251	0.001990620990316828	0.025888628611970447
TRAIT	68	8.882352941176471	-472.09871998199196	0.0020379903914826223	0.025877285325243138
TRAIT	66	9.151515151515152	-472.14217525004824	0.0020852965313075634	0.02586938947589311
TRAIT	65	9.292307692307693	-472.2359446397502	0.0021235700784688234	0.02585894477117844
TRAIT	64	9.4375	-472.4783269322895	0.002226524432969604	0.025829717606614927
TRAIT	62	9.741935483870968	-472.67566557913574	0.002322075262747737	0.02580315007017983
TRAIT	61	9.901639344262295	-472.7580413106698	0.0023649344607195645	0.02579164689849048
TRAIT	60	10.066666666666666	-471.6870937383294	0.0023618700074104115	0.025893023199038204
TRAIT	59	10.23728813559322	-471.80016357093587	0.0024221507756009837	0.02587782004736584
TRAIT	57	10.596491228070175	-471.960575168647	0.002519170719169203	0.02585412774043873
TRAIT	56	10.785714285714286	-472.03605888416564	0.0025633360331715036	0.02584319724651801
TRAIT	55	10.981818181818182	-472.2178268413684	0.0026447691717726624	0.025821720087228182
TRAIT	54	11.185185185185185	-472.4327538696757	0.00276578058017121	0.025792477223161504
TRAIT	53	11.39622641509434	-473.0259215076908	0.0030781691473327722	0.025725127689109065
TRAIT	52	11.615384615384615	-473.2050165618641	0.0031940190272222546	0.025701142878780663
TRAIT	51	11.843137254901961	-473.50040530749516	0.0033845908288339713	0.02566307363864631
TRAIT	50	12.08	-470.51558427970417	0.0018343389038351537	0.026144198808050217
TRAIT	49	12.326530612244898	-470.63102373893344	0.0018880326416218767	0.026130497458210146
TRAIT	48	12.583333333333334	-470.7377087807786	0.0019364153226176153	0.02611864814146784
TRAIT	47	12.851063829787234	-469.52919184731036	0.001376253656230944	0.026321114468701345
TRAIT	46	13.130434782608695	-469.54202565864534	0.001384005523999184	0.026319746901204602
TRAIT	45	13.422222222222222	-469.6026765542549	0.001402875313753815	0.026314336505686077
TRAIT	44	13.727272727272727	-469.68871200170497	0.0014237749230080151	0.026306640659420146
TRAIT	43	14.046511627906977	-469.7168333616364	0.0014339391839111855	0.026303903474113002
TRAIT	42	14.380952380952381	-469.5645456575735	0.0013989605793092736	0.026324759349875833
TRAIT	41	14.731707317073171	-469.6208159758796	0.0014202416540596123	0.026319172702765105
TRAIT	40	15.1	-469.6921285497813	0.0014467735537130664	0.026312131458638633
TRAIT	39	15.487179487179487	-469.14570377509267	0.001342482294858133	0.026372458876619594
TRAIT	38	15.894736842105264	-469.2253878932586	0.0013714888983246438	0.026364783734222554
TRAIT	37	16.324324324324323	-469.2746377708686	0.0013891611770194925	0.026359907325666856
TRAIT	36	16.77777777777778	-469.41276220491136	0.00143051458103766	0.026349238084086467
TRAIT	35	17.257142857142856	-469.3238790459227	0.0014269820630891474	0.026362805330299412
TRAIT	34	17.764705882352942	-468.7800199265853	0.0012570637678099641	0.02643377128910745
TRAIT	33	18.303030303030305	-468.8963688679057	0.0012984291174352044	0.026423475863015817
TRAIT	32	18.875	-468.9298680758325	0.0013111412635839774	0.026422116430257686
TRAIT	31	19.483870967741936	-468.9920116958988	0.0013356011464334245	0.02641518060229451
TRAIT	30	20.133333333333333	-469.30944880774064	0.0014656216109557392	0.026386827849635443
TRAIT	29	20.82758620689655	-469.2083902484867	0.0014853470170010095	0.02646369146615206
TRAIT	28	21.571428571428573	-469.2384454795881	0.001504334102232467	0.026541589895102385
TRAIT	27	22.37037037037037	-469.244714858763	0.0015681758031449043	0.027144951548412483
TRAIT	26	23.23076923076923	-469.7906378978262	0.0018609689938624276	0.028330906739903353
TRAIT	25	24.16	-469.925550802453	0.0020565251016995455	0.03014440024819405
TRAIT	24	25.166666666666668	-470.09639356282514	0.0020088372163568537	0.02841147567031846
TRAIT	23	26.26086956521739	-470.2016345691852	0.0021490827640903783	0.029533490593033136
TRAIT	22	27.454545454545453	-470.4075502922999	0.0025998873084751768	0.03367622588307318
TRAIT	21	28.761904761904763	-470.4956346444976	0.0024620354071975188	0.031088612636812535
TRAIT	20	30.2	-470.6882924976271	0.002455911459454792	0.02942446676487229
TRAIT	19	31.789473684210527	-470.9124668035388	0.0028125940277393667	0.03188729607189471
TRAIT	18	33.55555555555556	-470.9767683605012	0.002902279964693673	0.03229216287723586
TRAIT	17	35.529411764705884	-471.6039736056316	0.0033558543786293363	0.03264657220420185
TRAIT	16	37.75	-471.34049574476967	0.0034640951988512544	0.03575418719601649
TRAIT	15	40.266666666666666	-468.4180254318553	0.0031197547925356853	0.03687681985167326
TRAIT	14	43.142857142857146	-466.3829258991625	0.0018783399895850226	0.04470818293619355
TRAIT	13	46.46153846153846	-466.3963856735443	0.0017090379058666836	0.04015692484385097
TRAIT	12	50.333333333333336	-466.447271806539	0.0014569919866245593	0.03337110168359506
TRAIT	11	54.90909090909091	-466.5289512058091	0.0018403977546540542	0.03986809274054414
TRAIT	10	60.4	-464.7866452089279	5.414499946863547E-4	0.03394697372704023
TRAIT	9	67.11111111111111	-464.5296031977223	5.519392734978019E-4	0.03868421738687043
TRAIT	8	75.5	-464.63055959842677	9.246990239992703E-4	0.047153047055513
TRAIT	7	86.28571428571429	-464.8131779785781	0.001458459868964737	0.04805493363962541
TRAIT	6	100.66666666666667	-464.26740125712877	4.383729337196704E-7	0.04383729337196704
TRAIT	5	120.8	-464.26744982175023	3.996144987133304E-7	0.039961449871333043
TRAIT	4	151.0	-464.26698682081405	5.952855238879618E-7	0.05952855238879618
