Trait	# groups	Compression	-2LnLk	Var_genetic	Var_error
TRAIT	604	1.0	-473.2008780698595	0.0021614336543057514	0.025571733604043582
TRAIT	580	1.0413793103448277	-473.0770911838033	0.002126591668223667	0.02559233721750597
TRAIT	568	1.0633802816901408	-473.0933712305407	0.002133279443907904	0.02558980220083363
TRAIT	557	1.0843806104129263	-473.1111428835204	0.002140082396473335	0.025587265496760915
TRAIT	545	1.108256880733945	-473.1252907728358	0.0021445832020317804	0.025585496273440277
TRAIT	535	1.1289719626168224	-473.08245866075845	0.002135065727777461	0.025591606495690276
TRAIT	524	1.1526717557251909	-473.1102683447234	0.0021434572356939783	0.02558829729675256
TRAIT	513	1.1773879142300194	-473.1544617213244	0.002148253554234942	0.025585065692236342
TRAIT	503	1.2007952286282306	-473.01920515099187	0.0021196402863731807	0.025603215386580322
TRAIT	493	1.2251521298174441	-473.0272272119107	0.0021221940181252595	0.025602060992399835
TRAIT	483	1.2505175983436854	-473.6449586706874	0.002207871461751059	0.025546938020666637
TRAIT	473	1.276955602536998	-473.6528373803485	0.0022120677355356995	0.02554742464512819
TRAIT	464	1.3017241379310345	-473.65986910236256	0.002214829268473159	0.02554725165177529
TRAIT	455	1.3274725274725274	-473.79385025995975	0.0022540745802721515	0.025532136074710485
TRAIT	446	1.3542600896860986	-473.80314025759867	0.0022570420123312813	0.025530907064863998
TRAIT	437	1.3821510297482837	-473.81379542380273	0.0022613216557619336	0.025529482525540673
TRAIT	428	1.411214953271028	-473.9628122542524	0.00230903185517801	0.025511668343207616
TRAIT	419	1.441527446300716	-473.96633968233846	0.002310434205747094	0.02551117340559203
TRAIT	411	1.4695863746958637	-474.07743263214525	0.0023438616539170135	0.02549797084710069
TRAIT	403	1.498759305210918	-474.2113473280524	0.0023846858356664784	0.0254825204494551
TRAIT	395	1.5291139240506328	-474.21317685948156	0.002385403062303539	0.025482302091881178
TRAIT	387	1.5607235142118863	-474.2289257997736	0.002390545828421406	0.025480257414508
TRAIT	379	1.5936675461741425	-471.461302282401	0.0018850159334556221	0.02581797245859433
TRAIT	371	1.628032345013477	-471.46944098829886	0.0018879312490848222	0.025816967138408555
TRAIT	364	1.6593406593406594	-471.7838558198041	0.0019759554006361078	0.025781083772564002
TRAIT	357	1.69187675070028	-471.7847906927532	0.00197636524283879	0.025780993214884806
TRAIT	350	1.7257142857142858	-471.7861583260958	0.0019769125644023707	0.025780794492360332
TRAIT	343	1.760932944606414	-471.78556935733764	0.001976785756321637	0.0257810047668999
TRAIT	336	1.7976190476190477	-471.9351115910363	0.002026729687612481	0.025761441145749485
TRAIT	329	1.8358662613981762	-471.9122649279959	0.0020152291906543164	0.02576685899642431
TRAIT	322	1.875776397515528	-471.9124320704002	0.0020153978081555424	0.02576682006955912
TRAIT	316	1.9113924050632911	-471.9131295687255	0.002015596796388703	0.02576676338813066
TRAIT	310	1.9483870967741936	-471.9133791194031	0.0020157264918932286	0.02576679703874213
TRAIT	303	1.9933993399339933	-471.9152122687542	0.0020163595529159944	0.025766549316548235
TRAIT	297	2.0336700336700337	-471.9173585867113	0.0020170409863866754	0.02576626883648201
TRAIT	291	2.075601374570447	-471.91912863484504	0.0020176539764738865	0.025766044792281253
TRAIT	286	2.111888111888112	-471.9957663003229	0.0020428688058522467	0.025756414324061467
TRAIT	280	2.157142857142857	-471.9938355412346	0.002042280339623466	0.02575681818242356
TRAIT	274	2.204379562043796	-472.00029768516106	0.002044776894107807	0.02575580034974234
TRAIT	269	2.2453531598513012	-472.001567570235	0.0020451820715090873	0.025755639066734354
TRAIT	263	2.296577946768061	-472.0034714158346	0.0020463366730982665	0.02575517132084112
TRAIT	258	2.3410852713178296	-472.0077280290286	0.002047597442771542	0.025754561504816705
TRAIT	253	2.3873517786561265	-471.9986663852685	0.002045178373295026	0.025755874482214603
TRAIT	248	2.435483870967742	-471.9947714571331	0.0020409194618846217	0.025757713266236604
TRAIT	243	2.48559670781893	-472.00459421550227	0.0020417493797186305	0.025757002772869585
TRAIT	238	2.53781512605042	-471.99981941278634	0.0020423498262646324	0.025757070559437868
TRAIT	233	2.592274678111588	-471.99608061453705	0.0020431260386651186	0.025757093744959228
TRAIT	229	2.6375545851528384	-471.99078663141995	0.002042304155605299	0.02575775700285851
TRAIT	224	2.6964285714285716	-471.9347045678826	0.002023228163027879	0.025767625401604717
TRAIT	219	2.7579908675799087	-472.01409574386525	0.0020494487145751965	0.02575785187406078
TRAIT	215	2.8093023255813954	-472.01840521292206	0.0020512008878388276	0.025757283578059627
TRAIT	211	2.862559241706161	-472.0179658226002	0.002051122249149999	0.025757346284815807
TRAIT	207	2.917874396135266	-472.0115419525698	0.002049839005678224	0.025758116138301083
TRAIT	202	2.99009900990099	-472.28779740528853	0.0021260933915593777	0.025731233427832022
TRAIT	198	3.0505050505050506	-472.2869340526106	0.002126092630848396	0.025731309673796242
TRAIT	194	3.11340206185567	-472.2783003014904	0.00212283623000573	0.025733121953529357
TRAIT	190	3.1789473684210527	-472.28112440909445	0.0021238719539791976	0.025732756519526154
TRAIT	187	3.229946524064171	-472.28138340193277	0.002123963778262043	0.025732722285925765
TRAIT	183	3.300546448087432	-472.42225599634503	0.002170403773680709	0.025715551609290524
TRAIT	179	3.374301675977654	-472.42305869301913	0.0021706894572131917	0.025715436599057485
TRAIT	176	3.4318181818181817	-472.4234282979378	0.00217080543850265	0.02571539379177123
TRAIT	172	3.511627906976744	-472.43063621833653	0.0021727611737551765	0.025714487672567763
TRAIT	169	3.57396449704142	-472.4311342681224	0.0021730129104820138	0.025714410606505787
TRAIT	165	3.6606060606060606	-472.4428657920514	0.00217772747066999	0.025712812952751504
TRAIT	162	3.728395061728395	-472.46875873704835	0.002185690619052515	0.025709881905899255
TRAIT	159	3.79874213836478	-472.5596463553327	0.0022185653847989384	0.025698511274957977
TRAIT	156	3.871794871794872	-472.8376388177819	0.002306780485885058	0.025667139154052852
TRAIT	152	3.973684210526316	-473.5495962137925	0.0025367358733507125	0.025590144349807553
TRAIT	149	4.053691275167785	-473.7761208653724	0.002622782041832343	0.025562949212220337
TRAIT	146	4.136986301369863	-473.7761193369349	0.0026227857566236876	0.025562949087076917
TRAIT	143	4.223776223776224	-473.7763729032133	0.0026228611755618175	0.025562917437462564
TRAIT	141	4.283687943262412	-473.7763822974873	0.0026228773655485363	0.025562916258849627
TRAIT	138	4.3768115942028984	-473.77644778738	0.0026228772195155447	0.0255629215453514
TRAIT	135	4.474074074074074	-473.77665426394015	0.002622975271797378	0.025562892048150713
TRAIT	132	4.575757575757576	-473.77690132598264	0.0026231104193203143	0.02556285460661586
TRAIT	130	4.6461538461538465	-473.77700439272826	0.0026231549508931927	0.025562846278479
TRAIT	127	4.755905511811024	-473.777889248561	0.0026234542824578075	0.02556273552443937
TRAIT	124	4.870967741935484	-473.9036305624468	0.002671939180584658	0.025548036496877598
TRAIT	122	4.950819672131147	-473.9112731596224	0.0026752934481376806	0.02554711900139998
TRAIT	119	5.07563025210084	-473.4611632257522	0.0024959512020060496	0.025624652695800505
TRAIT	117	5.162393162393163	-473.55490560531234	0.0025292896277361193	0.025614443283003906
TRAIT	115	5.252173913043478	-473.60698112148907	0.002549259408885058	0.025608228389949344
TRAIT	112	5.392857142857143	-473.7218136417539	0.0025977066019630393	0.025593422866536354
TRAIT	110	5.490909090909091	-470.81196579572315	0.0020298195879865847	0.025923413279633396
TRAIT	108	5.592592592592593	-470.9398216993202	0.0020816972879761013	0.02590581910564009
TRAIT	106	5.69811320754717	-470.9465620934104	0.0020993081397644793	0.025903861341834266
TRAIT	104	5.8076923076923075	-470.3484783709573	0.0018726395376741512	0.026007415498116717
TRAIT	102	5.921568627450981	-470.4240830947365	0.0019031327595622422	0.025997618821102193
TRAIT	100	6.04	-470.429998747486	0.001930384372850251	0.02599444663883888
TRAIT	98	6.163265306122449	-470.5274342225023	0.001970579720646946	0.02598164460431473
TRAIT	96	6.291666666666667	-471.23273193952286	0.002187547429496114	0.025913163868118236
TRAIT	94	6.425531914893617	-470.87343316732836	0.0021102401901584257	0.025957439265635086
TRAIT	92	6.565217391304348	-471.0185439546651	0.0021753677229673202	0.025938228790912173
TRAIT	90	6.711111111111111	-471.1170654601151	0.0022182298133158816	0.025926082167954133
TRAIT	88	6.863636363636363	-471.44518695714305	0.0023482661720665154	0.02588885711864971
TRAIT	86	7.023255813953488	-470.582410070313	0.0018726067084880965	0.02607274915782583
TRAIT	85	7.105882352941176	-470.706111512206	0.0019265101854782035	0.026057929021008296
TRAIT	83	7.27710843373494	-470.7965208711912	0.0019660954521851805	0.026046833254463674
TRAIT	81	7.45679012345679	-471.00712082769905	0.0020496573037753337	0.02602296225411376
TRAIT	80	7.55	-471.03782739936787	0.0020659111484643135	0.02601872573039916
TRAIT	78	7.743589743589744	-471.18078978591984	0.002127778992665613	0.026001770003528803
TRAIT	76	7.947368421052632	-471.65128724858573	0.0023300313062077204	0.025946709869648393
TRAIT	75	8.053333333333333	-471.72794871870474	0.0023687260611489113	0.025937176137267266
TRAIT	73	8.273972602739725	-471.92213917414165	0.002454915578514392	0.02591547219445469
TRAIT	72	8.38888888888889	-472.0197480632994	0.0024967571082738097	0.02590489594239575
TRAIT	70	8.628571428571428	-472.1255394131224	0.002577625641880514	0.025890658928280564
TRAIT	69	8.753623188405797	-472.21841205468695	0.0026251996545704178	0.025879434837241585
TRAIT	68	8.882352941176471	-472.28364956213477	0.002653752178485582	0.02587248700522994
TRAIT	66	9.151515151515152	-472.4244617912061	0.002757364334334893	0.025851910493054388
TRAIT	65	9.292307692307693	-472.5231505850436	0.002814032596537401	0.025839177836526468
TRAIT	64	9.4375	-472.68706638163144	0.002906269384023951	0.02581810683041203
TRAIT	62	9.741935483870968	-472.82197043325846	0.0029894763082373033	0.02580014806107839
TRAIT	61	9.901639344262295	-472.7283426322224	0.0032435150878787123	0.025801190585505708
TRAIT	60	10.066666666666666	-472.8371937927259	0.003317134200092796	0.0257866424720392
TRAIT	59	10.23728813559322	-473.2623023131282	0.003580142112302016	0.02573789893398953
TRAIT	57	10.596491228070175	-473.4850415430635	0.0037509067404026277	0.02570740061113428
TRAIT	56	10.785714285714286	-473.52491237258505	0.003790552427290614	0.02570119659627559
TRAIT	55	10.981818181818182	-473.82256963371015	0.004004835268745777	0.025664856499720928
TRAIT	54	11.185185185185185	-473.88472167357895	0.004055055704454201	0.02565659970259835
TRAIT	53	11.39622641509434	-471.2985247498277	0.002413387584985155	0.026076038916795958
TRAIT	52	11.615384615384615	-471.4246626117931	0.0024677882576933066	0.02606348147865662
TRAIT	51	11.843137254901961	-471.5954067015102	0.002557974620795503	0.02604540785562281
TRAIT	50	12.08	-471.6715695216617	0.002593822309940154	0.026038123957315914
TRAIT	49	12.326530612244898	-471.86110522785157	0.0025840325093415715	0.026037014553811712
TRAIT	48	12.583333333333334	-472.2404858771756	0.0027745435789957667	0.026003183405440118
TRAIT	47	12.851063829787234	-470.5379201334474	0.002023453754939451	0.026226493511332938
TRAIT	46	13.130434782608695	-470.5661770799468	0.002035936641814594	0.026223925322128062
TRAIT	45	13.422222222222222	-470.9055263270261	0.002176293785686641	0.026196649393202265
TRAIT	44	13.727272727272727	-470.9958486767541	0.0022053391112509557	0.02618903259216566
TRAIT	43	14.046511627906977	-471.13257772179304	0.002259761331256429	0.026178349470529622
TRAIT	42	14.380952380952381	-471.2288342315587	0.002304761905353748	0.02616979876896565
TRAIT	41	14.731707317073171	-471.27019468751337	0.0023257279187803154	0.026166034689012897
TRAIT	40	15.1	-470.65885918508275	0.0021808280439994956	0.026229057109601037
TRAIT	39	15.487179487179487	-470.1874005422717	0.001970190850897305	0.02629352029185612
TRAIT	38	15.894736842105264	-470.31481297029677	0.0020268627748109393	0.026283110879283443
TRAIT	37	16.324324324324323	-469.0484444514584	0.0018874071496066986	0.026403218191761165
TRAIT	36	16.77777777777778	-469.124742029446	0.001925606138516247	0.026396130890675468
TRAIT	35	17.257142857142856	-469.2094474873952	0.0019666887975919797	0.02638879873961072
TRAIT	34	17.764705882352942	-469.2599681413974	0.0019925533368094525	0.026385721195288175
TRAIT	33	18.303030303030305	-469.33680857975355	0.0020352018929420687	0.026379065816419713
TRAIT	32	18.875	-469.4028845389553	0.002073779304866834	0.02637035807566721
TRAIT	31	19.483870967741936	-469.4793160560612	0.002116336651125111	0.026364802975409985
TRAIT	30	20.133333333333333	-469.50911659135477	0.002135287902985549	0.026362062054313358
TRAIT	29	20.82758620689655	-469.65148596052654	0.002199962364750776	0.026351198087925302
TRAIT	28	21.571428571428573	-469.32786070991756	0.002143675007697144	0.026384375593396642
TRAIT	27	22.37037037037037	-467.71250493994216	0.0018575442619958827	0.02740173441138108
TRAIT	26	23.23076923076923	-467.81208715940215	0.001992272737489364	0.028295695381553274
TRAIT	25	24.16	-467.92344847591403	0.0022460442581194386	0.030582923748823848
TRAIT	24	25.166666666666668	-468.33479139656515	0.0024750084501645245	0.029499051784910774
TRAIT	23	26.26086956521739	-468.5183867148439	0.003000158500198619	0.03341697718109727
TRAIT	22	27.454545454545453	-468.71293825276075	0.0034065394663320998	0.03584033929685775
TRAIT	21	28.761904761904763	-468.75679340053125	0.0028909385311175267	0.029917577636818845
TRAIT	20	30.2	-468.8786000471737	0.0033516851531049884	0.03333201290785369
TRAIT	19	31.789473684210527	-468.90800588272964	0.0033253459676473853	0.03256145584073498
TRAIT	18	33.55555555555556	-469.5269174096163	0.004220982325552322	0.03513223324427259
TRAIT	17	35.529411764705884	-469.2875539193649	0.004224026112884222	0.03751071800722888
TRAIT	16	37.75	-468.4107152832312	0.004236998153179727	0.036941244446080344
TRAIT	15	40.266666666666666	-466.45040032986503	0.002039974753742988	0.034460167450034544
TRAIT	14	43.142857142857146	-466.4999599673904	0.0021852030086414406	0.03603869386659799
TRAIT	13	46.46153846153846	-466.82353436440803	0.0026998099715853817	0.03826435348116876
TRAIT	12	50.333333333333336	-466.8318804995956	0.0027934296213792524	0.03839804433342498
TRAIT	11	54.90909090909091	-466.8474737021993	0.003224814315912177	0.043731572904213895
TRAIT	10	60.4	-467.01671022152914	0.0034407813808893647	0.04334052350528879
TRAIT	9	67.11111111111111	-464.982599303371	0.0012935957150307493	0.04292773652797994
TRAIT	8	75.5	-465.1777781520034	0.001540178203350085	0.03886449362920849
TRAIT	7	86.28571428571429	-465.5413314140478	0.002295574951087518	0.042419526050809585
TRAIT	6	100.66666666666667	-464.33085495743217	3.9022821571553523E-4	0.05839304144834254
TRAIT	5	120.8	-464.3170244907096	2.9221488821278653E-4	0.05363566239245569
TRAIT	4	151.0	-464.2676367773274	2.706623927171682E-7	0.027066239271716818
