<Phenotype>
taxa	data
Taxa	BLIGHT
1	1.0779
2	1.0758
3	1.0644
5	1.083
6	1.0835
7	1.0912
8	1.0833
9	1.09
10	1.0467
11	1.0823
12	1.0811
13	1.0798
14	1.0807
15	1.0843
16	1.0877
17	1.0867
18	1.0968
19	1.0964
20	1.0947
21	1.1049
22	1.0807
23	1.0661
24	1.0735
25	1.0701
26	1.0881
27	1.0834
28	1.0794
29	1.0781
30	1.0945
31	1.0895
34	1.0764
35	1.0898
36	1.0951
37	1.0831
38	1.0802
39	1.08
40	1.0656
41	1.0713
42	1.0857
43	1.0815
44	1.0935
45	1.0756
46	1.0894
47	1.0877
48	1.0781
49	1.0829
50	1.0769
51	1.0759
52	1.0758
53	1.0706
54	1.085
55	1.0615
56	1.0654
57	1.0706
58	1.0543
60	1.0788
62	1.0716
63	1.0762
65	1.0592
67	1.0787
68	1.075
69	1.0696
70	0
71	0
72	1.0675
73	1.0677
74	0
75	0
76	0
77	0
78	0
80	0
81	1.0822
82	1.0836
83	1.0826
84	1.0684
85	1.0882
86	1.0614
87	1.0768
88	1.0843
89	1.0706
90	1.0825
91	0
92	1.0439
93	1.0703
94	1.069
95	1.0497
96	0
97	1.0726
98	1.0564
99	1.0594
100	1.0685
101	0
104	1.0592
107	1.0829
108	1.0464
109	1.0597
110	1.0726
112	1.0817
113	1.0676
115	1.0858
116	1.0856
117	1.0828
118	1.0717
119	1.088
120	1.0804
121	1.0907
122	1.0906
123	1.0691
124	1.0872
125	1.075
126	1.0927
127	1.0741
128	1.0806
129	1.0634
130	1.083
131	1.0748
132	1.0902
133	1.0735
134	1.0759
136	1.0835
137	1.0842
138	1.0746
139	1.0789
140	1.0775
141	1.0953
142	1.0876
143	1.0747
144	1.0749
146	1.0758
148	1.0766
149	1.099
150	1.0829
152	1.073
154	1.0626
155	1.0774
156	1.0691
157	1.0541
158	1.0559
160	1.0701
163	1.0744
164	1.075
166	1.0721
167	1.0807
168	1.0972
169	1.0911
171	1.0961
172	1.0922
173	1.0778
174	1.0968
175	1.072
176	1.0757
177	1.0797
178	1.0743
179	1.0938
180	1.0782
181	1.0813
182	1.0862
184	1.1012
185	1.1045
186	1.1063
188	1.0931
189	1.0914
190	1.0989
191	1.0965
193	1.0749
194	1.0592
195	1.0597
196	1.0703
198	1.0867
199	1.072
200	1.0811
201	1.0828
202	1.0927
203	1.0815
204	1.0865
205	1.1164
206	1.1036
207	1.1018
208	1.0788
209	1.09
210	1.078
211	1.0843
212	1.077
213	1.0688
214	1.0902
215	1.0839
216	1.0968
217	1.0988
218	1.0787
219	1.0894
220	1.0687
221	1.0916
222	1.0726
225	1.0798
226	1.0862
227	1.0881
228	1.0652
229	1.067
232	1.0752
233	1.087
234	1.0886
235	1.056
236	1.0832
237	1.0959
238	1.0822
239	1.0669
240	1.0718
241	1.069
242	1.0778
243	1.0747
244	1.0983
245	1.0604
246	1.1081
247	1.1066
248	1.0812
249	1.0929
250	1.0835
251	0
252	1.616
253	1.0788
254	1.0995
255	1.1025
256	1.1096
257	1.0981
258	1.0936
259	1.0891
260	1.0831
261	1.107
262	1.0944
263	1.0887
265	1.0948
266	1.0987
267	1.0793
268	1.095
271	1.0952
272	1.0802
273	0
274	1.0841
275	1.09
276	1.0984
277	1.0916
278	1.0955
279	1.095
282	1.1063
283	1.0931
284	1.0917
285	1.085
286	1.1147
288	1.0842
289	1.0953
290	1.0922
291	1.0885
292	1.0775
293	1.0677
294	1.0718
295	1.0837
296	1.0697
297	1.0687
298	1.0723
299	1.0967
300	1.0882
302	1.0919
303	1.0993
304	1.0997
305	1.0749
306	1.0967
307	1.0903
308	1.0787
310	1.0843
311	1.1009
312	1.0991
313	1.1108
314	1.0859
315	1.0769
316	1.0809
317	1.0877
318	1.0876
319	1.0888
320	1.0784
321	1.0877
322	1.0874
323	1.0864
324	1.0988
325	1.0737
326	1.0916
327	1.0808
328	1.0779
329	1.0735
330	1.016
331	1.1035
332	1.1275
333	1.1016
334	1.1085
335	1.0984
336	1.0884
337	1.0732
338	1.07
339	1.091
340	1.0839
341	1.102
342	1.0978
343	1.1136
344	1.0959
345	1.1065
346	1.0911
347	1.078
348	1.1011
349	1.104
350	1.0997
351	1.0756
352	1.0953
353	1.0816
354	1.096
355	1.0936
356	1.0696
357	1.1094
358	1.1157
359	1.1098
360	1.0998
361	1.0797
362	1.0638
363	1.092
364	1.0912
365	1.0927
366	1.0998
367	1.1054
368	1.114
369	1.0801
370	1.0778
371	1.0797
372	1.0948
373	1.1016
374	1.0841
375	1.101
376	1.1059
377	1.1084
378	1.1106
379	1.117
380	1.0793
381	1.0673
383	1.0679
384	1.0853
385	1.0922
386	1.1004
387	1.0953
388	1.1174
389	1.0802
392	1.0861
393	1.0956
394	1.0902
395	1.0959
396	1.0814
397	1.0916
398	1.1165
399	1.1014
400	1.0951
401	1.0883
402	1.0725
403	1.0783
404	1.0825
405	1.0889
406	1.0972
407	1.1026
408	1.0893
409	1.1114
410	1.0744
412	1.0827
414	1.0836
415	1.0973
418	1.1008
422	1.1016
423	1.1046
424	1.1352
425	1.0914
426	1.0834
427	1.1005
428	1.0943
429	1.083
430	1.1049
431	1.1265
432	1.1056
433	1.1034
434	1.1119
436	1.095
439	1.0955
440	1.0995
441	1.0908
442	1.1053
444	1.1031
445	1.0946
446	1.088
447	1.0984
448	1.1003
449	1.0804
450	1.0916
451	1.0898
453	1.097
454	1.0997
455	1.105
456	1.1126
457	1.1049
458	1.0951
459	1.0848
460	1.0888
461	1.0927
462	1.0962
463	1.1044
464	1.1128
465	1.0992
466	1.1132
467	1.1114
468	1.1002
469	1.0892
471	1.093
472	1.0905
473	1.0962
474	1.1172
475	1.0842
476	1.1003
477	1.1045
478	1.1005
479	1.1006
480	1.1049
481	1.118
482	1.0861
483	1.1001
484	1.0869
485	1.0996
486	1.0896
487	1.1021
488	1.0812
489	1.0991
490	1.0904
491	1.0806
492	1.0674
493	1.0867
495	1.0877
496	1.0897
497	1.0808
498	1.0816
499	1.0879
500	0
501	1.0919
502	1.0884
503	1.0992
504	1.0888
505	1.0903
506	1.1006
507	1.0985
508	1.0779
509	1.0931
510	1.1153
511	1.0994
512	1.1005
513	1.0821
514	1.0896
515	1.0949
516	1.0932
517	1.0806
518	1.0864
519	1.0794
520	1.0854
521	1.0882
522	1.1003
523	1.1043
524	1.0872
525	1.1131
526	1.0867
527	1.097
528	1.0897
529	1.0862
530	1.0775
531	1.0965
532	1.0949
533	1.0958
534	1.1003
535	1.1043
537	1.0889
538	1.0899
539	1.0825
540	1.0887
541	1.0774
542	1.0893
543	1.0738
544	1.0733
545	1.0794
546	1.0852
547	1.085
548	1.0948
549	1.0798
550	1.0816
551	1.0747
552	1.096
553	1.1014
554	1.0938
555	1.0839
556	1.0875
557	1.0755
558	1.0707
559	1.0734
560	1.0984
561	1.0932
562	1.0962
563	1.1088
565	1.0878
566	1.0791
567	1.0947
568	1.0885
569	1.0755
570	1.0768
571	1.0981
572	1.0894
574	1.0829
575	1.0993
576	1.0984
577	1.0743
578	1.0923
579	1.0885
580	1.102
581	1.1035
582	1.1024
583	1.1081
584	1.0978
585	1.0982
586	1.077
587	1.0844
588	1.0852
589	1.0908
590	1.0727
591	1.0826
592	1.0859
593	1.0856
594	1.1004
595	1.1065
596	1.1139
597	1.1301
598	1.1119
599	1.0952
600	1.1115
601	1.1028
602	1.1011
603	1.1021
604	1.093
605	1.1153
606	1.1115
607	1.0999
608	1.0993
609	1.0899
610	1.1021
611	1.1156
612	1.1139
613	1.0965
614	1.0935
615	1.0961
616	1.099
617	1.0921
618	1.0675
619	1.0975
620	1.0682
621	1.0995
622	1.1038
623	1.1051
624	1.0943
625	1.0947
626	1.0827
627	1.0689
628	1.1038
629	1.1031
630	1.0939
631	1.082
632	1.1071
633	1.1095
634	1.0893
635	1.0871
636	1.1145
637	1.0844
638	1.0821
639	1.0811
640	1.1076
641	1.089
642	1.1012
643	1.1232
644	1.1155
645	1.1084
646	1.1162
647	1.1045
648	1.0923
649	1.1241
650	1.1103
651	1.1068
652	1.103
653	1.0991
654	1.084
655	1.0506
656	1.0716
657	1.0904
658	1.0831
659	1.0963
660	1.1029
661	1.0947
662	1.0976
663	1.0929
664	1.0839
