<Phenotype>
taxa	data
Taxa	BLIGHT
1	0.667
2	0.6657
3	0.6587
5	0.6702
6	0.6705
7	0.6752
8	0.6704
9	0.6745
10	0.6477
11	0.6697
12	0.669
13	0.6682
14	0.6688
15	0.671
16	0.6731
17	0.6725
18	0.6787
19	0.6785
20	0.6774
21	0.6837
22	0.6688
23	0.6597
24	0.6643
25	0.6622
26	0.6733
27	0.6704
28	0.6679
29	0.6671
30	0.6773
31	0.6742
34	0.6661
35	0.6744
36	0.6777
37	0.6702
38	0.6684
39	0.6683
40	0.6594
41	0.6629
42	0.6718
43	0.6692
44	0.6767
45	0.6656
46	0.6741
47	0.6731
48	0.6671
49	0.6701
50	0.6664
51	0.6658
52	0.6657
53	0.6625
54	0.6714
55	0.6569
56	0.6593
57	0.6625
58	0.6524
60	0.6676
62	0.6631
63	0.666
65	0.6554
67	0.6675
68	0.6652
69	0.6619
70	0
71	0
72	0.6606
73	0.6607
74	0
75	0
76	0
77	0
78	0
80	0
81	0.6697
82	0.6705
83	0.6699
84	0.6611
85	0.6734
86	0.6568
87	0.6663
88	0.671
89	0.6625
90	0.6699
91	0
92	0.646
93	0.6623
94	0.6615
95	0.6496
96	0
97	0.6637
98	0.6537
99	0.6556
100	0.6612
101	0
104	0.6554
107	0.6701
108	0.6475
109	0.6558
110	0.6637
112	0.6694
113	0.6606
115	0.6719
116	0.6718
117	0.67
118	0.6632
119	0.6733
120	0.6686
121	0.6749
122	0.6749
123	0.6616
124	0.6728
125	0.6652
126	0.6762
127	0.6647
128	0.6687
129	0.658
130	0.6702
131	0.6651
132	0.6746
133	0.6643
134	0.6658
136	0.6705
137	0.6709
138	0.665
139	0.6676
140	0.6668
141	0.6778
142	0.673
143	0.665
144	0.6652
146	0.6657
148	0.6662
149	0.6801
150	0.6701
152	0.664
154	0.6575
155	0.6667
156	0.6616
157	0.6523
158	0.6534
160	0.6622
163	0.6649
164	0.6652
166	0.6634
167	0.6688
168	0.679
169	0.6752
171	0.6783
172	0.6759
173	0.667
174	0.6787
175	0.6634
176	0.6657
177	0.6681
178	0.6648
179	0.6769
180	0.6672
181	0.6691
182	0.6722
184	0.6814
185	0.6835
186	0.6846
188	0.6764
189	0.6754
190	0.68
191	0.6785
193	0.6652
194	0.6554
195	0.6558
196	0.6623
198	0.6725
199	0.6634
200	0.669
201	0.67
202	0.6762
203	0.6692
204	0.6723
205	0.6908
206	0.6829
207	0.6818
208	0.6676
209	0.6745
210	0.6671
211	0.671
212	0.6665
213	0.6614
214	0.6746
215	0.6707
216	0.6787
217	0.68
218	0.6675
219	0.6741
220	0.6613
221	0.6755
222	0.6637
225	0.6682
226	0.6722
227	0.6733
228	0.6592
229	0.6603
232	0.6653
233	0.6726
234	0.6736
235	0.6535
236	0.6703
237	0.6782
238	0.6697
239	0.6602
240	0.6632
241	0.6615
242	0.667
243	0.665
244	0.6796
245	0.6562
246	0.6857
247	0.6848
248	0.6691
249	0.6763
250	0.6705
251	0
252	1
253	0.6676
254	0.6804
255	0.6822
256	0.6866
257	0.6795
258	0.6767
259	0.6739
260	0.6702
261	0.685
262	0.6772
263	0.6737
265	0.6775
266	0.6799
267	0.6679
268	0.6776
271	0.6777
272	0.6684
273	0
274	0.6709
275	0.6745
276	0.6797
277	0.6755
278	0.6779
279	0.6776
282	0.6846
283	0.6764
284	0.6756
285	0.6714
286	0.6898
288	0.6709
289	0.6778
290	0.6759
291	0.6736
292	0.6668
293	0.6607
294	0.6632
295	0.6706
296	0.6619
297	0.6613
298	0.6636
299	0.6787
300	0.6734
302	0.6757
303	0.6803
304	0.6805
305	0.6652
306	0.6787
307	0.6747
308	0.6675
310	0.671
311	0.6812
312	0.6801
313	0.6874
314	0.672
315	0.6664
316	0.6689
317	0.6731
318	0.673
319	0.6738
320	0.6673
321	0.6731
322	0.6729
323	0.6723
324	0.68
325	0.6644
326	0.6755
327	0.6688
328	0.667
329	0.6643
330	0.6287
331	0.6829
332	0.6977
333	0.6817
334	0.686
335	0.6797
336	0.6735
337	0.6641
338	0.6621
339	0.6751
340	0.6707
341	0.6819
342	0.6793
343	0.6891
344	0.6782
345	0.6847
346	0.6752
347	0.6671
348	0.6814
349	0.6832
350	0.6805
351	0.6656
352	0.6778
353	0.6693
354	0.6782
355	0.6767
356	0.6619
357	0.6865
358	0.6904
359	0.6868
360	0.6806
361	0.6681
362	0.6583
363	0.6757
364	0.6752
365	0.6762
366	0.6806
367	0.684
368	0.6894
369	0.6684
370	0.667
371	0.6681
372	0.6775
373	0.6817
374	0.6709
375	0.6813
376	0.6843
377	0.6859
378	0.6873
379	0.6912
380	0.6679
381	0.6605
383	0.6608
384	0.6716
385	0.6759
386	0.6809
387	0.6778
388	0.6915
389	0.6684
392	0.6721
393	0.678
394	0.6746
395	0.6782
396	0.6692
397	0.6755
398	0.6909
399	0.6816
400	0.6777
401	0.6735
402	0.6637
403	0.6673
404	0.6699
405	0.6738
406	0.679
407	0.6823
408	0.6741
409	0.6877
410	0.6649
412	0.67
414	0.6705
415	0.679
418	0.6812
422	0.6817
423	0.6835
424	0.7025
425	0.6754
426	0.6704
427	0.681
428	0.6772
429	0.6702
430	0.6837
431	0.6971
432	0.6842
433	0.6828
434	0.6881
436	0.6776
439	0.6779
440	0.6804
441	0.675
442	0.684
444	0.6826
445	0.6774
446	0.6733
447	0.6797
448	0.6809
449	0.6686
450	0.6755
451	0.6744
453	0.6788
454	0.6805
455	0.6838
456	0.6885
457	0.6837
458	0.6777
459	0.6713
460	0.6738
461	0.6762
462	0.6783
463	0.6834
464	0.6886
465	0.6802
466	0.6889
467	0.6877
468	0.6808
469	0.674
471	0.6764
472	0.6748
473	0.6783
474	0.6913
475	0.6709
476	0.6809
477	0.6835
478	0.681
479	0.6811
480	0.6837
481	0.6918
482	0.6721
483	0.6808
484	0.6726
485	0.6804
486	0.6743
487	0.682
488	0.6691
489	0.6801
490	0.6748
491	0.6687
492	0.6605
493	0.6725
495	0.6731
496	0.6743
497	0.6688
498	0.6693
499	0.6732
500	0
501	0.6757
502	0.6735
503	0.6802
504	0.6738
505	0.6747
506	0.6811
507	0.6798
508	0.667
509	0.6764
510	0.6902
511	0.6803
512	0.681
513	0.6696
514	0.6743
515	0.6775
516	0.6765
517	0.6687
518	0.6723
519	0.6679
520	0.6717
521	0.6734
522	0.6809
523	0.6834
524	0.6728
525	0.6888
526	0.6725
527	0.6788
528	0.6743
529	0.6722
530	0.6668
531	0.6785
532	0.6775
533	0.6781
534	0.6809
535	0.6834
537	0.6738
538	0.6744
539	0.6699
540	0.6737
541	0.6667
542	0.6741
543	0.6645
544	0.6642
545	0.6679
546	0.6715
547	0.6714
548	0.6775
549	0.6682
550	0.6693
551	0.665
552	0.6782
553	0.6816
554	0.6769
555	0.6707
556	0.673
557	0.6655
558	0.6626
559	0.6642
560	0.6797
561	0.6765
562	0.6783
563	0.6861
565	0.6731
566	0.6678
567	0.6774
568	0.6736
569	0.6655
570	0.6663
571	0.6795
572	0.6741
574	0.6701
575	0.6803
576	0.6797
577	0.6648
578	0.6759
579	0.6736
580	0.6819
581	0.6829
582	0.6822
583	0.6857
584	0.6793
585	0.6796
586	0.6665
587	0.671
588	0.6715
589	0.675
590	0.6638
591	0.6699
592	0.672
593	0.6718
594	0.6809
595	0.6847
596	0.6893
597	0.6993
598	0.6881
599	0.6777
600	0.6878
601	0.6824
602	0.6814
603	0.682
604	0.6764
605	0.6902
606	0.6878
607	0.6806
608	0.6803
609	0.6744
610	0.682
611	0.6903
612	0.6893
613	0.6785
614	0.6767
615	0.6783
616	0.6801
617	0.6758
618	0.6606
619	0.6791
620	0.661
621	0.6804
622	0.683
623	0.6838
624	0.6772
625	0.6774
626	0.67
627	0.6614
628	0.683
629	0.6826
630	0.6769
631	0.6696
632	0.6851
633	0.6866
634	0.6741
635	0.6727
636	0.6897
637	0.671
638	0.6696
639	0.669
640	0.6854
641	0.6739
642	0.6814
643	0.695
644	0.6903
645	0.6859
646	0.6907
647	0.6835
648	0.6759
649	0.6956
650	0.6871
651	0.6849
652	0.6825
653	0.6801
654	0.6708
655	0.6501
656	0.6631
657	0.6748
658	0.6702
659	0.6784
660	0.6825
661	0.6774
662	0.6792
663	0.6763
664	0.6707
